50
24
0
1 3
0
2 17 23
0
2 14 19
2 24 8
2 12 10
0
2 15 6
0
0
2 21 7
0
0
2 5 2
0
0
2 1 4
2 18 16
0
2 9 20
2 11 22
0
24
2 22 14
0
2 20 24
0
2 23 9
0
2 4 1
0
1 8
2 15 5
2 13 19
0
0
2 2 18
0
0
2 12 11
2 6 10
2 16 7
0
0
0
1 9
2 21 17
24
0
1 6
1 22
2 13 9
2 2 7
0
1 6
1 1
1 17
2 24 3
2 16 21
1 14
1 17
0
1 1
1 19
0
1 14
0
2 15 8
1 19
0
2 18 12
1 22
25
1 10
1 10
1 10
1 10
1 10
1 10
1 10
1 10
1 10
0
1 10
1 10
1 10
1 10
1 10
1 10
1 10
1 10
1 10
1 10
1 10
1 10
1 10
1 10
1 10
25
1 20
1 4
1 19
1 23
1 1
1 14
1 6
1 10
1 13
1 5
1 12
1 24
1 18
1 21
1 17
1 2
1 16
0
1 15
1 7
1 22
1 25
1 11
1 9
1 3
25
1 11
0
1 1
1 2
2 23 2
1 14
1 6
1 4
1 20
1 13
1 10
1 17
1 15
1 16
1 24
1 8
1 18
1 25
1 7
1 3
1 12
1 19
1 9
1 21
1 22
25
0
0
1 1
0
0
2 16 15
0
1 7
0
0
2 19 24
2 21 6
2 14 17
1 9
2 5 10
1 22
2 23 2
0
1 4
2 25 12
2 8 3
0
0
1 18
2 11 13
25
2 17 21
1 6
1 11
2 8 19
2 23 16
0
1 12
1 6
1 6
1 6
1 6
1 6
2 24 20
2 7 22
2 3 4
2 1 15
1 9
1 6
1 6
1 10
1 25
1 18
2 14 13
1 2
1 6
24
1 7
1 4
1 9
1 17
2 1 19
1 22
1 18
1 24
1 23
1 21
1 10
1 15
1 20
1 11
1 8
1 6
1 12
1 13
1 16
1 14
1 3
1 2
0
1 23
20
10 6 17 11 9 13 19 15 16 14 20
10 6 17 11 9 13 19 15 16 14 20
10 6 17 11 9 13 19 15 16 14 20
10 6 17 11 9 13 19 15 16 14 20
10 6 17 11 9 13 19 15 16 14 20
0
10 6 17 11 9 13 19 15 16 14 20
10 6 17 11 9 13 19 15 16 14 20
0
10 6 17 11 9 13 19 15 16 14 20
0
10 6 17 11 9 13 19 15 16 14 20
0
0
0
0
0
10 6 17 11 9 13 19 15 16 14 20
0
0
50
0
0
0
2 46 22
0
0
2 28 29
0
0
2 16 32
2 12 34
0
0
2 26 39
2 40 45
0
2 8 35
2 1 7
0
0
0
2 23 47
0
2 27 38
0
0
0
0
2 6 11
2 19 44
2 41 24
2 37 17
2 21 18
2 50 4
1 20
0
0
2 2 30
2 9 31
0
0
0
2 13 15
2 3 10
2 36 49
0
2 25 48
2 42 14
2 5 33
0
50
0
2 37 48
2 32 15
2 29 46
0
2 19 34
0
0
2 26 33
2 14 21
0
0
0
0
2 28 10
0
2 7 45
0
0
2 43 47
2 40 36
2 16 9
0
2 23 17
2 27 4
0
0
0
0
0
2 50 24
0
2 18 31
2 42 35
2 30 3
2 41 25
0
2 13 22
2 12 2
0
0
0
1 47
2 8 20
2 1 39
2 49 38
1 5
2 11 44
0
0
48
1 36
1 16
1 5
1 18
0
1 37
1 9
0
0
1 42
2 29 44
2 3 33
0
1 8
1 9
0
2 43 23
0
1 22
2 35 1
1 18
0
1 13
2 45 2
2 10 38
2 4 21
1 30
1 37
1 46
0
2 6 28
1 8
1 5
2 7 15
1 36
0
0
1 42
2 14 32
2 27 48
1 22
0
1 13
1 46
1 16
0
2 41 19
1 30
50
1 34
1 34
1 34
1 34
1 34
1 34
1 34
1 34
1 34
1 34
1 34
1 34
1 34
1 34
1 34
1 34
1 34
1 34
1 34
1 34
1 34
1 34
1 34
1 34
1 34
1 34
1 34
1 34
1 34
1 34
1 34
1 34
1 34
0
1 34
1 34
1 34
1 34
1 34
1 34
1 34
1 34
1 34
1 34
1 34
1 34
1 34
1 34
1 34
1 34
50
1 50
1 6
1 35
1 46
1 17
1 41
1 44
1 10
1 27
1 5
0
1 9
1 43
1 37
1 34
1 2
1 20
1 22
1 24
1 23
1 26
1 14
1 33
1 47
1 11
1 19
1 15
1 4
1 28
1 49
1 1
1 40
1 48
1 21
1 38
1 12
1 31
1 30
1 16
1 29
1 13
1 45
1 36
1 3
1 32
1 18
1 25
1 42
1 8
1 39
50
1 36
1 47
1 43
1 3
1 23
1 44
1 34
1 16
1 18
1 19
1 27
1 17
1 1
1 21
1 20
1 37
1 2
1 24
1 49
1 38
1 46
1 7
1 45
1 42
1 32
1 15
1 28
1 9
1 41
1 26
1 29
0
1 22
1 40
1 39
1 33
1 14
1 35
1 25
1 4
1 12
1 13
1 5
1 10
1 6
1 50
1 8
2 11 32
1 31
1 30
50
1 47
1 12
2 7 34
2 25 28
1 30
0
0
1 40
1 16
1 22
2 2 3
0
2 32 33
2 39 5
1 17
0
0
1 36
2 18 8
1 48
2 4 35
0
0
2 42 26
2 41 19
2 15 13
1 43
2 45 50
1 46
0
0
0
0
0
2 44 24
0
0
2 23 6
1 31
0
2 9 49
2 27 1
0
2 14 11
2 10 20
0
0
0
1 37
2 29 38
50
2 17 48
1 7
2 31 26
2 42 39
2 14 8
1 7
0
1 19
2 1 23
2 18 5
1 7
1 7
1 7
1 20
1 13
1 30
2 44 36
2 38 24
1 7
1 7
1 7
1 7
2 29 28
1 22
2 15 33
2 40 32
1 45
2 16 4
2 37 47
1 7
1 6
1 7
1 43
1 21
1 7
1 12
1 11
1 50
1 7
1 7
2 25 3
1 7
1 7
1 35
1 7
2 49 9
1 2
2 27 34
2 10 41
1 7
50
1 30
1 22
1 25
1 32
1 20
1 4
1 11
1 5
1 36
1 36
1 2
1 43
1 35
1 13
1 28
1 42
1 29
1 45
1 26
1 31
1 15
1 8
1 1
1 23
1 18
1 40
1 44
1 50
1 7
1 3
1 14
1 49
1 10
1 37
1 38
0
1 39
1 47
1 41
1 16
1 46
1 12
1 21
1 33
1 19
1 27
1 34
2 17 6
1 24
1 9
50
10 29 7 25 19 48 13 9 2 49 15
0
10 29 7 25 19 48 13 9 2 49 15
10 29 7 25 19 48 13 9 2 49 15
10 4 35 1 21 36 37 3 23 39 33
10 4 35 1 21 36 37 3 23 39 33
0
10 30 40 26 45 16 12 38 10 22 34
0
10 24 5 17 14 11 41 20 43 32 6
10 4 35 1 21 36 37 3 23 39 33
10 24 5 17 14 11 41 20 43 32 6
0
10 4 35 1 21 36 37 3 23 39 33
0
10 24 5 17 14 11 41 20 43 32 6
10 4 35 1 21 36 37 3 23 39 33
10 30 40 26 45 16 12 38 10 22 34
0
10 4 35 1 21 36 37 3 23 39 33
10 29 7 25 19 48 13 9 2 49 15
10 24 5 17 14 11 41 20 43 32 6
10 29 7 25 19 48 13 9 2 49 15
10 4 35 1 21 36 37 3 23 39 33
0
10 24 5 17 14 11 41 20 43 32 6
10 30 40 26 45 16 12 38 10 22 34
10 30 40 26 45 16 12 38 10 22 34
0
10 24 5 17 14 11 41 20 43 32 6
10 30 40 26 45 16 12 38 10 22 34
10 4 35 1 21 36 37 3 23 39 33
10 29 7 25 19 48 13 9 2 49 15
10 24 5 17 14 11 41 20 43 32 6
10 29 7 25 19 48 13 9 2 49 15
10 29 7 25 19 48 13 9 2 49 15
10 29 7 25 19 48 13 9 2 49 15
10 24 5 17 14 11 41 20 43 32 6
10 29 7 25 19 48 13 9 2 49 15
10 24 5 17 14 11 41 20 43 32 6
10 4 35 1 21 36 37 3 23 39 33
10 30 40 26 45 16 12 38 10 22 34
10 4 35 1 21 36 37 3 23 39 33
10 30 40 26 45 16 12 38 10 22 34
10 24 5 17 14 11 41 20 43 32 6
10 30 40 26 45 16 12 38 10 22 34
10 30 40 26 45 16 12 38 10 22 34
0
0
10 30 40 26 45 16 12 38 10 22 34
5
2 4 3
0
1 5
1 2
0
5
1 5
1 5
0
2 3 1
0
5
1 5
1 5
0
1 2
1 3
5
1 5
0
2 5 1
1 5
0
5
0
0
1 1
0
3 4 1 3
50
0
3 38 22 36
2 40 30
3 41 16 15
0
3 36 25 5
1 42
2 49 5
1 37
1 36
2 30 26
3 30 42 50
0
1 19
0
0
0
1 28
4 16 18 28 5
1 47
1 40
0
1 3
0
1 5
2 25 3
1 36
0
0
2 19 22
1 19
2 3 42
2 46 47
0
4 20 48 13 5
0
0
0
1 15
0
1 25
0
0
1 24
1 48
0
1 50
0
0
0
49
0
0
0
5 17 46 28 45 40
4 1 25 39 34
0
1 19
1 34
0
2 42 17
2 39 44
1 37
1 29
0
2 31 45
0
2 16 23
2 38 40
0
1 33
1 1
1 40
2 29 1
0
0
1 40
5 24 1 12 30 48
0
0
3 34 25 35
0
1 45
0
1 13
0
0
0
1 40
0
0
1 8
1 8
1 49
1 31
0
0
4 49 2 15 8
1 29
0
42
1 31
1 26
1 29
1 32
4 19 25 32 14
2 39 33
0
2 32 34
0
2 17 35
1 31
1 13
0
0
1 10
3 24 6 33
1 32
1 17
1 26
1 18
0
1 17
1 30
2 18 1
0
0
1 4
0
0
0
0
0
0
0
3 28 6 29
3 19 29 10
1 26
5 24 41 3 35 23
0
0
0
1 2
40
5 6 27 35 12 11
1 28
6 24 5 26 2 10 25
0
2 35 2
1 29
0
0
0
0
0
0
2 19 9
1 7
1 8
2 25 19
1 4
1 9
0
0
2 27 26
0
0
0
2 9 24
2 2 20
1 16
1 38
0
1 22
0
1 22
1 32
0
2 22 29
0
2 23 4
1 33
0
1 31
44
2 32 6
0
0
2 2 13
1 3
3 17 36 21
1 2
1 34
1 33
1 11
0
4 28 38 36 41
0
1 20
1 27
2 9 23
0
2 24 33
2 10 17
0
0
0
2 7 13
1 33
0
0
0
2 21 34
2 9 8
1 41
2 20 40
2 8 9
0
0
0
0
0
4 26 24 1 33
2 18 27
0
0
1 8
1 41
0
44
1 39
1 40
3 40 2 20
3 7 10 25
2 36 37
0
1 41
6 15 40 13 12 21 28
0
0
2 6 31
1 14
0
1 19
0
0
2 7 39
1 31
0
2 7 14
0
0
1 12
1 2
0
0
1 28
1 18
1 16
1 33
2 39 7
0
0
0
0
1 41
1 41
1 39
0
1 7
0
1 21
3 42 10 41
2 25 17
41
0
2 14 27
0
1 34
2 21 31
1 29
2 8 38
2 33 22
1 31
1 12
0
0
0
1 21
2 32 3
0
2 16 41
0
1 25
1 32
0
0
0
1 29
0
1 13
4 21 11 18 24
2 13 12
2 12 3
2 23 21
1 33
0
1 22
1 31
2 29 9
1 39
2 38 13
0
0
2 11 14
0
48
0
0
0
0
0
0
0
0
2 23 27
1 12
1 42
0
0
0
2 32 25
0
0
0
1 17
1 17
0
1 36
0
1 47
0
1 9
0
1 2
0
1 12
3 6 38 10
0
0
1 47
2 25 23
1 4
1 39
0
0
1 10
0
1 17
1 33
0
2 38 25
3 2 29 27
2 39 3
1 41
42
0
0
0
1 18
0
4 5 1 25 34
3 39 19 13
0
0
0
1 33
0
1 36
3 34 1 31
1 3
0
0
0
0
0
0
1 10
2 33 1
0
0
1 39
1 6
0
0
0
0
1 17
1 17
0
0
0
0
2 18 8
4 2 19 38 36
0
1 40
0
40
0
0
0
0
0
0
2 29 5
0
0
0
0
0
4 38 7 26 31
1 38
3 12 29 33
1 10
2 4 1
0
0
0
3 33 7 40
0
1 9
0
2 14 32
2 9 30
1 8
0
0
0
1 17
1 14
0
1 29
0
0
0
0
1 3
0
41
0
0
0
0
0
0
0
0
0
0
1 18
0
0
0
1 13
0
3 7 10 38
0
3 38 3 33
0
2 7 13
1 31
0
2 5 36
1 7
2 25 29
2 36 4
1 25
1 20
0
0
1 33
0
1 23
0
0
3 2 21 12
0
0
1 15
1 12
49
0
1 39
1 8
1 48
0
1 11
0
2 35 4
3 24 47 10
2 32 40
2 25 35
0
0
3 12 20 19
0
1 18
0
0
0
1 28
0
0
1 28
0
0
0
3 18 8 10
0
1 38
0
0
0
0
2 38 20
0
1 35
0
0
0
1 31
1 15
1 34
0
2 45 38
0
0
1 44
0
0
43
0
0
0
1 22
0
2 4 22
0
1 35
0
2 21 32
0
0
1 31
2 34 37
2 23 29
1 18
1 30
0
0
0
2 28 29
0
0
0
0
1 19
2 5 12
0
0
0
0
1 22
1 12
0
0
1 37
1 3
1 25
1 8
3 28 12 39
0
0
1 19
50
0
0
1 6
0
2 18 31
0
2 14 1
0
0
0
1 49
0
1 30
0
0
0
2 18 3
0
0
0
0
0
0
1 39
0
1 5
1 8
0
2 10 9
1 21
0
1 30
1 3
4 39 20 36 22
0
0
0
0
3 36 9 30
1 2
0
1 21
3 50 45 22
3 3 2 47
0
1 30
0
0
0
0
41
0
0
1 41
2 8 1
0
0
0
1 20
2 25 18
0
1 6
2 4 3
1 10
0
1 41
1 29
0
1 21
0
0
0
0
2 4 5
1 10
0
1 25
1 10
0
0
0
0
1 1
1 21
0
3 6 22 36
1 11
0
1 22
2 1 30
0
0
46
2 30 25
1 19
0
0
1 16
0
0
1 2
0
0
0
4 32 19 40 31
2 17 1
0
1 41
0
0
1 7
1 17
0
0
0
1 42
1 7
1 28
1 32
0
0
0
0
0
1 4
0
0
0
2 22 41
1 21
2 15 43
1 37
1 16
0
1 22
0
0
3 22 7 35
0
48
1 26
2 47 39
1 31
1 5
0
1 42
1 18
0
0
2 44 40
0
0
1 45
0
0
0
2 39 11
0
0
3 19 48 14
0
2 19 48
0
0
0
0
2 24 10
2 3 29
0
0
0
0
1 1
0
1 15
2 12 38
1 39
0
0
0
1 7
0
3 3 11 41
1 32
0
0
1 12
0
41
0
1 12
0
0
0
1 4
0
0
1 30
0
1 21
1 18
0
0
3 34 30 2
0
0
0
0
5 17 26 6 19 27
0
4 23 9 25 38
0
0
1 39
0
1 4
2 5 10
0
1 3
0
1 17
1 40
0
1 11
0
0
1 2
0
1 27
0
50
2 45 42
0
1 11
0
1 41
0
0
0
0
1 41
0
1 27
0
0
0
0
0
1 25
0
1 15
0
0
1 30
0
1 41
0
0
0
0
0
0
0
0
0
0
0
0
0
1 41
1 38
0
0
1 16
0
0
0
0
1 16
1 9
1 41
44
0
0
0
0
0
0
0
0
0
0
0
0
0
0
0
0
0
0
0
0
0
0
1 43
0
1 42
0
1 17
1 5
0
0
1 21
2 43 2
1 3
2 3 21
0
0
0
1 17
0
1 28
1 9
0
1 17
0
42
1 13
0
0
0
0
0
1 1
3 32 26 42
0
0
1 12
0
0
1 42
0
1 1
0
0
0
0
0
0
0
0
1 36
0
0
0
0
0
0
0
0
0
0
0
1 18
1 28
0
3 32 3 34
0
0
49
0
0
0
0
0
0
0
0
0
0
1 31
0
0
0
0
0
0
0
0
1 31
2 17 26
0
0
0
2 35 46
0
0
0
0
0
0
0
1 44
0
0
1 30
0
1 6
3 43 17 3
1 38
0
0
0
0
0
1 31
0
0
2 25 36
44
0
0
1 38
0
0
0
0
1 32
1 40
0
1 32
0
0
1 20
0
0
0
1 1
1 44
0
0
1 4
0
0
1 14
0
0
1 3
0
0
0
0
0
0
0
0
1 38
0
2 20 26
0
0
0
0
1 1
43
0
0
0
0
0
1 17
0
1 7
0
0
0
0
0
2 21 39
1 39
1 43
0
0
0
0
0
0
0
0
1 11
1 6
0
0
0
0
0
0
1 21
0
0
2 43 41
0
1 43
0
1 9
0
1 7
0
47
0
0
0
2 5 22
0
0
0
0
0
0
0
0
0
0
0
0
0
0
1 38
0
1 31
0
0
0
0
0
0
0
1 12
0
1 5
0
1 21
1 10
0
1 12
0
0
2 32 40
1 3
0
1 45
2 16 29
0
0
0
0
