100
3 3
10 1 20 2 25 3
10 2 30 3 20 1
3 5
10 1 6 2 10 1
5 1 3 2 10 1 3 2 5 1
3 5
10 1 6 2 10 1
5 1 6 2 10 1 6 2 5 1
1 1
5000000 10
5000000 100
3 5
10000000000000000 1 6000000000000000 2 10000000000000000 1
5000000000000000 1 3000000000000000 2 10000000000000000 1 3000000000000000 2 5000000000000000 1
3 5
10000000000000000 1 6000000000000000 2 10000000000000000 1
5000000000000000 1 6000000000000000 2 10000000000000000 1 6000000000000000 2 5000000000000000 1
3 94
2450085942173967 96 2429571310809556 96 2550066563052894 81
83824265386076 81 1 81 1 96 190628924653137 81 173977642132039 96 27065779015994 70 149724728197279 82 33282127797155 70 208708292115059 82 1 70 234955653804251 83 16630838904389 81 1 81 205748227278467 83 94173533499340 81 112999975063244 81 1 81 1 96 244896513736771 82 88966639248037 70 202808538673085 70 1 70 65029161932323 81 23211436015171 82 42884352660144 70 26863024330651 70 168495058760290 81 37644729613119 81 22707469420309 70 51802787548859 81 35958438823336 82 142781004329912 81 97160280010497 81 60589692905741 70 63445111567898 70 137495576653172 82 119537289138201 82 140220033337717 81 112040536333091 96 134407857167595 81 126940406773487 70 1 82 30782850982148 81 191772095654399 81 111681487313084 81 97918111992922 70 107194035352063 81 85285469470776 81 255787713280077 81 1 81 1 81 1 81 266669341185718 70 200904993968002 82 114755248325503 70 41050524427180 81 215450464465877 70 15737462623287 81 1 96 198008921436125 81 208449956085638 70 154032881543181 83 92726553177392 82 249203882834087 70 59441561327133 81 37396850507249 70 163187241371253 81 187962811386817 70 1961090580782 82 1 70 1 96 112972489567724 83 65762517264910 96 108808324372606 96 279479378431447 81 55166477657374 96 1 81 1 81 15924996253243 96 74951072684895 70 54102051757890 96 28288278800476 81 40984307214906 81 182370998246885 81 178441318389184 81 118807484583171 83 50546135093497 81 1 83 258213195890579 70 43617032389460 70 116411071041559 81 1 70 56781394390074 81 26740748278150 82
3 92
5016928677577925 2 5087299755549669 91 5045587483968557 90
142388008898916 100 180995420457936 91 124354298823762 90 109969192649003 67 169274489278159 30 110314109087752 2 191727081399054 2 142494231118638 91 146784972842820 90 121976853142439 67 173793468842844 30 117529803045599 100 145550727983357 67 87910666986870 30 153334244580317 100 171706309436495 91 22741582588551 90 179429147600436 2 159685631591847 67 179609947129168 91 129718554097083 100 167188122031576 30 145768686002574 2 96160992078379 90 260349421555173 67 174488690953260 30 192476446459706 91 158134772638400 90 157742064743846 2 139631354314095 100 193684792077743 91 195234756978285 30 126232933635839 2 119286453043619 90 107374922921779 100 205382475431501 67 198401068763084 100 130586403035719 91 185296806654790 67 118504679077373 2 188403982034167 90 150726545726586 30 226512440282233 90 165512399662274 67 186637029711225 30 167756119342757 100 162632924541999 2 167658077331905 91 267515501222575 91 156783039122583 67 160338923228228 2 183376632299800 30 143515494276196 90 219613402639329 100 66785226921185 2 177198637065499 100 153696913424516 91 93877825953223 67 122161046843624 90 191871365192639 30 162934791677054 90 212798007825447 30 177798141144737 91 107546422303456 2 222294757213577 67 188816537330952 100 140031939095355 67 163189432846485 91 255910845763380 30 165171099327948 100 119317936482977 90 175148205041213 2 289005182653622 67 293795854395275 91 168261141947436 30 243849519588632 100 171019780470714 2 93095098242197 90 181511870636312 100 143948504288938 30 127265527374270 90 119246592106152 91 179834829147594 2 122537302883340 67 192136600478994 2 90198611019241 67 229143961051913 30 123589306917391 100 145949076221219 91 44624157314963 90 224878008339896 90 199757119702546 67
3 17
606722762216948 71 742790424038749 51 547941501606399 71
116479132259526 71 86226532797149 71 87948017949868 51 9392226216516 51 53659311369991 51 15369418478094 51 85878512785413 51 17075772888332 71 93582347484738 51 111305528825927 71 1 51 56231802730508 51 1 71 4447754328524 71 73343327708974 51 75514583566815 71 196509285106232 51
3 33
2147653402788968 2 2122665238280544 62 2084110953531442 62
178184818846571 48 163412536490566 62 203929553893001 62 214325830192707 77 211560975750618 77 169304187542167 62 172536162741526 48 203312621226358 77 176543422384565 62 162523188677553 77 215314570761173 48 200901371392047 13 158649057853238 62 194329519368811 48 204826730290971 77 187324143475191 13 175120383529187 62 191221138808596 48 169379076303432 62 201916268924736 13 175233565334401 62 246526593960133 13 208687610892429 2 180259277478829 62 226566309871433 77 162048020036987 62 236351121849160 48 239921657008538 62 157414442981517 62 203790447786588 77 171067872369955 62 182479519193796 77 190307115375247 77
3 17
1070179165327518 28 1064315879505207 37 1052105795709507 42
160640215690993 43 1 42 202986748155068 15 1 31 149119702137366 36 164801253890886 92 253565968002593 75 220717637316827 53 156925669889064 10 264158189839377 76 104185863780184 20 150294511190280 28 281192827936947 34 277849176569428 48 203333183643601 66 253036648290875 19 218414958456465 86
3 3
120232148727506 68 82856154936894 80 134476289926858 68
70282942191919 80 73707553104819 68 108030789576249 80
3 28
788266870521400 6 771808475452459 6 760345893713081 6
132377686081849 6 150978721889170 57 28405317295576 57 192958099000123 49 107558810229179 57 135648472794309 6 76787045628607 6 1 49 40008430786768 6 146831446585066 57 131700153743742 49 1 6 67615570359057 57 25519680335649 49 163347866992828 71 62279542973206 57 203931984137829 6 29767667071751 6 1 49 149952733302019 6 17385254768246 49 75823631966338 49 59911724669347 6 91049553946207 42 92100487350895 49 101132300296999 57 57293088717313 49 1 49
3 59
1192466721083722 37 1143848681447299 34 1235175696564723 50
54027019484423 2 102370836056584 28 58215381908638 94 108400595436066 32 123781614906625 93 45048593632079 34 83636167465091 87 60722621983424 23 74262642421417 13 22790574037420 61 101448920828259 71 53581819787763 19 31142389671659 31 68059043926762 22 64424721049774 14 113174570044543 92 70412420153439 83 126913232294103 62 70326989738666 54 61592076543405 64 69119611783060 3 59352040443274 91 123911595565820 30 75691029485473 11 1 9 68499588007370 25 83330455194014 18 13700126894342 67 16087211856492 77 79934129866466 5 59298217579202 17 1 47 30718891400888 56 99786093440970 26 48022858478387 58 50722122902784 95 24880357006617 8 32083772344248 72 64684566355218 29 34038611523949 35 90343473433103 37 97554876554234 50 58655501525156 84 111180947121470 52 107728287827605 48 41302753372482 97 28012527129510 70 87135129029462 66 61069953299266 63 1 38 49419640287121 40 1 79 52529071141911 43 97238811433750 82 3993566174772 1 65364229243580 49 52047609591447 4 18044261362177 59 11482167938986 81
3 71
6602482555428231 81 6593869569339382 50 6579898871708182 81
303145708912524 50 265858833904207 81 253227439393981 81 292188484742280 50 293317920651915 81 292787517542164 50 305221030572155 50 277326250477121 50 273324756615634 81 267105407415935 81 273521646173768 50 284068975963528 81 281576162251462 50 255827607075478 81 305758575982850 50 277788238259006 81 291001288296488 50 289375823867767 50 278643659180442 50 299565888880843 50 296469123024110 50 261864744182681 50 283723195286957 50 285831334478183 50 288451061171214 50 260578385194480 50 261665678213735 50 295735739470614 81 298267079070624 50 269405329161359 81 321503261796285 50 306384193419161 81 295135404333191 81 284966256380320 81 273670550053089 81 285528836846518 50 271024667883766 50 296435752364720 81 251450917211975 50 288905679460726 81 253353652553016 81 249774605881360 50 276313604149242 50 259509473419245 81 263174309175430 50 304550532087824 50 269118440723950 50 293766259786001 50 300807382691361 81 265921353076911 50 300651497376730 81 279734775855790 81 252159970176896 81 277311673007517 50 275896463340793 81 279079626921444 50 271267652077396 50 274347169614525 81 270108344735835 50 274401311498993 81 249713018913998 50 284724809704303 50 272674996096452 50 270637209239773 81 260848127714662 81 253991204386195 81 240093609767130 50 317688317387921 81 304401873511581 81 293087043611648 81 307823830084301 81
3 26
2109327875980724 56 2225218267934795 49 2150578870917582 44
240070991985995 43 189192209052710 43 195177838785986 44 239144688243901 56 212409226952615 44 216375696159672 49 217423303422864 43 322895060767388 49 208454919346564 43 307387069473190 49 232090065810513 49 312344064350013 43 131859005149644 43 251007647704181 43 237467416183416 44 321511913717700 49 292792081196562 44 330545463864919 43 172378069176769 43 155131206145573 44 244673884641468 44 236385587574193 56 171002601987913 43 259962589092704 49 283937414402384 49 263454684304808 43
3 84
7314035678030511 66 7394229955671768 56 7364246279720771 76
249768993951887 37 226478340157272 82 235479847923115 3 294232923348136 79 330729148647063 84 236265756916864 26 230187138705261 15 265849822621815 96 237252275469163 55 289644334957099 9 193225576479997 67 300953935306530 1 330257070974323 33 271051169596360 25 276068378850612 45 215653313015468 43 229437065097281 70 226394822516974 11 360163537975305 19 215903120366090 36 265939288390765 97 253415865411965 53 272970444538173 72 334220357748033 74 300619015295766 99 144617584109124 90 262142123671469 64 294513007406036 87 296341142264617 91 242227175652605 51 211162357098347 4 339976813335185 76 326673889665634 81 211350473841689 61 143256319940295 69 224010812859444 41 288435138963333 14 310331856634954 6 237331071796313 59 331478708053192 21 316068498440497 98 320441069664275 46 284600848185530 24 350185399510827 62 243067753652814 22 308438965045009 23 360803280716963 5 304314364914695 31 243376710337982 2 283413751775055 20 237653964761515 85 271716892125298 75 332185187374087 35 299834437221888 40 300385509899743 7 246900533969889 95 307358484404721 13 307907936610015 80 190650033149792 27 241915812490387 38 233206528445860 48 313874095413089 56 226177589493746 66 366954039407244 63 265609528614839 73 266076886991262 10 213582527142624 58 314308247829770 88 305728487030044 68 288764441551364 50 257778746058710 77 235898029590108 89 275078175204232 93 187703096367103 52 244244706857837 86 222126291124296 94 236147541822621 57 313823456041674 92 232611407122707 83 265486385193604 65 305821721783841 100 274192058296864 32 252357353754600 49 152675702050809 71
3 35
249384991519669 1 250679840545240 91 281920960468386 1
1 91 114661273272859 1 34763580861325 1 132446511440111 1 79337216452375 1 1 91 18406368113248 91 1 91 1 1 48496675488465 1 151798613780939 1 162760771733585 91 1 91 145211339069532 1 23167035641147 91 1 1 1 1 412800043937 1 93970968976607 1 66952456815761 1 128595352924071 91 107270344532632 91 1 1 1 1 1 1 1 1 299733097754959 91 189993251170718 1 1 1 1 1 156790890925850 1 97952930499512 91 1 1 150276863784832 91 14659254927806 91
3 92
4454726843403599 95 4454069859100238 91 4450755411486206 99
135138177771335 75 155349720196135 95 146071965622912 75 150596124764989 16 141430820791470 91 148907156091436 16 147907666114647 16 143613272347269 91 149240411351790 16 142647624688912 91 153479400875373 16 137329044669565 16 154367033653014 75 138312758181367 16 140861108996484 95 144215838153037 16 156566363826923 95 155435787246142 75 142692003853477 95 149373570728265 95 148411135948009 95 151639572297784 95 141033071793810 16 146773343485941 16 145476486247637 16 144063481059987 16 150296904500696 16 122360362843643 16 148776525172030 99 145818898433080 91 153606111869278 91 146450471026228 16 132932513373586 16 134948433786037 91 135545144912559 91 132083160624422 91 166042618137717 16 136370232204921 16 145311940933077 95 144283543527697 99 142511977863924 99 140544185470346 16 134047697918642 95 143800935409370 75 133962319054306 16 148186072828280 99 141007740773571 91 153412530449684 95 153285577103614 75 148395490654447 91 137357486387744 95 135600543816828 95 147213093840898 16 149188705398603 95 136347515797906 16 141527025773136 16 145676770528473 16 151803963135931 91 142436899301126 16 142121236141426 16 141395308788062 95 141061977928030 16 147174543426584 91 153339125189146 16 136247581216051 95 150086034160350 95 136287704435870 95 148770702396729 95 146414215863349 95 137434300485797 16 144072813272189 16 124747262015176 16 147709219069550 95 158922460398650 99 155823883609222 95 146710369015304 95 156047399309997 16 145623303245740 75 159269192581562 95 135383326284997 95 148421878613495 91 150177521345956 16 161682779917904 95 162133694954608 91 143861170393376 16 156812891063290 95 142464399498371 95 137896166017180 16 138252006814204 99 154177471375805 16 158430295848676 75 131386889782067 16
3 32
2797546754536470 41 2797839117631382 4 2783506650786591 15
278706596292209 11 252311203690022 48 169945532674156 81 242536879258271 28 285907569425826 23 301894747815329 63 310578230643103 43 216224435213607 69 260762354410616 7 266176059168772 82 285941106326366 53 219803838170430 27 278572138947921 39 274905733875258 17 212561258897708 65 285242631876539 74 269009689780227 80 258105750445916 31 308511524154554 13 263521037624847 38 231942952562173 41 264102215430443 5 314250341526766 26 243840581417166 79 283185161004332 4 215839570747493 10 277219159868248 62 247178512770099 60 200986586675902 14 228506368471098 86 267606684400682 35 256070791636948 89
3 9
95975203099186 28 150993778085508 50 133063513558279 28
129215141836878 28 28034555653705 50 81982556165758 50 169860123270194 50 123157568019559 50 1 28 69067320380063 28 1 50 1 50
3 39
1804842931262626 42 1778300258579150 88 1828492067839665 71
70803248694550 11 113206093154556 42 200861434169043 42 141739784661152 42 161813067866179 70 82642971094504 11 128394537065405 42 160559147133360 42 119374173507379 71 177590787252523 70 129432516643045 42 120583345236705 11 97858485986482 88 177275781893476 42 186788627556226 11 83197166459735 70 101443933576448 70 142689429265272 42 160008052621969 11 155662430569020 42 164773525218335 11 142652735753209 88 114971550699939 70 163564334402524 71 138608241690059 11 165651806895676 42 74785057277053 11 124109232142627 42 99728329463981 42 126330268391106 71 105251324909527 88 144676400741663 11 85130947421534 11 90740787051411 71 102973008264560 70 127083479665353 42 99122068543602 88 67660554617003 70 168687655079157 11
3 60
2364812582451142 49 2393878365862753 57 2360405924899819 14
119382436226879 54 130844841294339 7 122075146207119 48 116643812108672 95 117600385348588 87 101394380502445 14 129675287179117 44 118562079772895 72 120735011062425 10 141366645334715 82 117331905929742 89 135738808362361 46 93604122896049 76 121441349319394 1 133677288266553 47 91361614597637 63 77508900016161 5 114154674793286 55 136379693845699 41 103391698158980 62 94909882292999 56 141714564689299 69 159055633427108 86 163031054144588 51 134341646088168 96 110387871108184 45 167790099936688 24 95294413234139 13 123847443689074 52 143934388759686 83 119331702777355 90 143868817127731 49 131234572334849 3 123217970893247 43 107244934077686 94 138186221923936 30 140449562798136 23 130444286974942 67 101947825008823 25 134217918795482 92 81070384364534 98 87677743615201 73 112341172942194 31 129564403978474 42 134168528924542 38 106700810452015 9 122839468537154 75 111225218643486 37 108804329982017 57 112129127908239 64 116902284168817 88 111478830195349 61 104318656474469 99 156921504941704 100 126061645253975 30 123940967806595 48 82576615010593 89 110410554864202 1 111901529124393 25 107592704704092 57
3 83
6666318704358133 4 6668729623546229 56 6602802474390290 4
326088334645431 4 207735150151286 4 276958994423765 4 157077117326787 56 288519103479101 4 328192798478194 4 211297661477705 56 288184368109047 4 355749196230761 4 252434911789926 56 156273717484003 4 240294988541828 4 156451852584438 4 294593999973670 56 69766812403757 4 417707504792533 4 132365133372887 4 324167580310779 4 164966048878489 4 160196227012936 4 224615910105510 4 274124053601885 56 382032007762451 4 281836331878145 4 313025687910015 4 249449956906208 56 145387230078347 56 115802136823019 4 344149069455626 4 191302058557390 56 213085117801967 4 305181633524113 4 181004125761421 4 297552346435141 4 191069002697432 4 389939837939515 4 177286536704859 56 311936378369795 56 216308355036545 56 232567467444561 4 247330530668991 4 175340543999108 4 245968139216159 56 65782701916273 4 267804782553690 4 40118334373124 56 326199010837523 4 274050008136750 4 272932352265280 56 397758656083862 4 234743121319597 56 89502593106229 4 290378796910533 4 353130131703737 4 222376842256191 56 171057315451476 4 340833410724687 4 243288508801539 4 308561980086902 4 211380323877961 4 199084313948361 4 252289328156144 4 421986072593447 4 362150576632661 4 258090831717198 4 270876763130543 56 256858876631194 4 371640166533664 56 368358108148089 4 316807490775568 4 306752984068582 4 61888685155428 4 189975533172954 4 227723512704875 4 127196668041127 4 165246950342953 4 289850229420911 4 102682828128576 56 199620359268911 4 309625650459934 4 295794725272012 4 266932943923248 56 252849949961427 4
3 20
995708537025619 44 1092711111952575 44 1109420202920457 86
122897163334588 73 235250279369565 86 267113349274187 44 88780414660594 73 243235385019484 73 213595658366875 73 145914885471928 53 69299684732153 73 163273696595973 73 208213010127569 73 344164637283531 73 133945973896286 86 131244239832295 73 154553465133690 44 169954282460634 53 45442084163552 86 331294889513063 44 85980781978583 73 210380838681227 44 171780529277946 53
3 95
3967339179467555 29 3936030302755597 89 3915974049117984 50
99926884271500 50 43449245805698 89 121144258438569 29 218224109527654 29 1424367218939 89 85700979667912 50 103608309185945 50 147945873137089 89 123695734273854 29 149083657078210 50 151968564577280 29 124234469456872 89 154877371178942 89 81138465485441 29 154224209771963 50 122219400447209 50 44427410284325 29 83133749806472 89 164200963187770 50 85241295681138 29 83591233112537 89 196848265576335 50 118481645696029 29 61436982490889 89 169687837156056 89 155947714913721 29 139506853205350 50 181426703062676 29 162123759181234 89 157488174449990 50 91455656167406 89 137768571923547 29 17368780772889 50 202615744511977 29 95723972589167 50 213152644080142 89 124651494145477 89 146664871909115 50 116129028000986 29 110372228266918 50 175309428767294 29 200108372870908 89 215236513030421 50 121818242946999 29 183852908993659 89 91615386330238 89 60507637730791 29 161994564186098 50 125121727931980 50 156192186601300 89 93942904121964 29 150470330067723 50 128280812443680 29 80105308583068 89 51149295762361 50 150415266157082 89 79560252919173 29 71762913597745 89 194082260227557 29 137805606164457 50 266146263609899 29 113590868983578 89 103290653038470 50 147184375008764 89 142470425964272 50 59607238557744 29 117925969841548 50 129992894036671 89 120667272954575 29 41363127623851 89 82488939951651 29 205435426513388 50 65445275684329 50 56671198645073 89 108467369453532 29 207581059432800 50 198921503365745 29 92889417733188 89 168396458112631 50 78397920247658 89 164556920944078 29 91013692683747 89 140983320198035 50 128086621632189 29 195611311043830 89 42290276222706 50 82014308621316 29 122884465695736 50 107637593994447 89 66756482376842 29 194899185113863 29 148149143440699 50 126135074328343 89 22126590727418 89 153025265399701 29
3 86
7462623833886052 49 7355049942604501 31 7343000797974464 49
350910943685074 49 175602535601023 49 196331459510756 49 133656380573764 31 250006608295034 31 150531802967343 49 358582559059427 31 267214899165217 49 273444358117802 31 203308216196530 31 337185469160662 49 276503396873653 49 392088014033696 31 193828305730267 49 220321345536455 49 280064331038677 49 285017757656487 49 302845329041252 49 230646695234185 49 235963843182204 49 237702555211729 31 208950391421457 49 252077013141223 31 334204038452725 49 323280155693757 49 275973980180258 31 201367210722928 49 208748498922891 49 302223509549584 49 243731239680134 49 290397621976427 49 211435875959591 49 255014588607603 49 308891598390408 49 225744893227014 49 335090837477184 49 264663860019934 49 162560777450230 31 310844984195521 49 151206164026346 49 340787534561175 49 252301498301839 49 215513487624766 49 367130116758421 31 229975820703509 49 300665458979273 49 332215196689116 31 426974244363643 49 312656715792211 49 219653434185592 49 206909869219828 49 292916893645136 31 205321727326552 49 342955628943149 49 348835389864694 49 273291727898936 49 243752195882677 49 247014490917898 31 206231243271559 49 294090446130534 31 284622544458236 49 279058504567412 49 285893922619848 49 276137185772413 49 406575667480363 49 316348813941799 49 385657606938642 49 370548903616222 49 238646925143328 49 257290221088544 49 153541016230495 31 256509620118687 49 190178244676468 49 275218135902178 49 294361715276580 49 221934853485999 49 172648919745741 49 201784333777444 49 195845266803026 49 374480753113271 49 283358450932249 49 280189220030788 31 374650614690727 31 162185568097079 49 94929523742768 49 282202544433056 49
3 30
1500254556205162 60 1658187272508016 66 1617022818399894 60
194957661390809 75 109389671256891 60 25355097694454 75 81961410272781 75 79819840510203 94 42957073785231 60 62433193498133 75 109770258693499 75 201434792219337 75 250380565311418 60 234883498716193 60 188456723506378 60 198490351879635 66 179869089578142 75 63418199959086 94 246610976365893 60 70716110553032 75 93304598972047 94 93649459240544 66 129361653176656 75 184228920064245 75 228147126657465 75 110303387218560 60 105818181817351 66 343373444075826 60 103264154184322 91 80302402152400 66 232385868245519 75 1 91 24816819152721 75
3 38
1858586087256667 37 1853846916639564 14 1835933935819134 77
137027806931795 85 152749775725833 96 136271254550878 37 156768125425129 14 142660594527535 38 152440280266098 77 134813537324978 49 132699916994826 83 154170506629154 8 147971661745352 71 156881268131606 93 142607443025282 80 157636041268790 89 150508158888480 80 148442135020525 85 132545331693768 37 156701917389211 49 150073143431309 71 139084151873802 96 138800994032524 89 148225510980922 8 144664557656462 93 151964710359796 14 137923896577146 77 153597405461256 38 151429149418497 83 139370188713056 77 144586946874695 85 164203750273348 71 150192157449526 80 155850300079172 93 141610685402400 83 144674676559484 37 156313490108728 38 157751088705655 96 146093338192369 8 145695706854976 89 159307689298398 49
3 29
2158909884238188 62 2181892595657706 1 2365885200676553 62
168892122056144 1 334674497952831 62 332881933633699 62 245666224735787 62 205276542591196 1 204680539407628 62 191783436641330 62 298029080721461 62 96262325459884 62 303937971433156 62 177945030223251 62 158656392315576 1 225071045894558 1 293671814470034 62 286222702323985 62 244575955148210 62 153270308244365 1 91516042440899 62 223935055662126 62 110635536574101 62 249680439729777 62 206377535760693 1 217557294288448 62 253920216379538 1 193537737856998 62 183916034614612 1 143713713083488 62 207185429637080 62 316276025991886 62
3 39
1853121584860593 88 1844146554499936 45 1827359788535673 88
163654273041918 1 146536425234415 12 180311447060414 88 205627789118663 35 155726672213516 45 154730246612082 1 112382925277196 45 125417546518930 88 204169811045163 88 104133433876901 88 167673429829944 88 131595861120387 45 81337049662248 45 155284918062602 45 184012385785203 12 110091214555258 1 108625584670803 45 129603431996099 1 114257845174481 45 176563477475070 1 178400263369365 88 135846178978173 88 144752742903763 45 143629352274350 35 129849012073540 45 156642867192159 45 133080602753937 45 127528831796677 45 148568393670708 45 167694171219770 1 151814797780035 88 167354263530414 88 134792581601435 88 180375526393848 88 147176645540610 45 140060840814818 1 182157432934784 1 151056443140059 88 136297955293924 1
3 84
1049205953564848 63 1148856373209750 79 1063281577367587 3
96349487489879 12 83826726119379 39 64779043888194 87 1 52 168456974033778 22 26053932627195 58 1 86 1 92 1 69 5499232012421 15 33554055484589 70 4671794127428 77 26062439849086 34 1 95 124984173343432 74 68511833834310 97 1 38 1 98 44595684512811 99 242825181842479 57 118551075279519 48 1 8 93808093645434 3 1 32 40977478986958 64 8015850446784 20 1 26 1 25 116112769457726 11 31016861606938 29 1 80 13832588993356 88 164730191019749 91 107390756351070 46 227519000327811 94 193834366321260 50 5431854612665 51 200462528217895 37 35791697028709 81 1 82 77335720796407 9 29128324413312 19 1 7 1 31 150674922319163 100 34931466632624 65 1 63 100034608227413 44 84130805283498 61 67682083227483 4 1 27 1 45 47359793281869 30 201326680033463 40 164719616558595 75 185821352395856 68 23377430732908 5 20494627984361 42 1 79 234857904353487 97 40987910655631 34 82730788149381 45 53256979580786 7 143259438958720 99 130795397882226 4 166594436136582 57 32492642851023 40 1 30 44125405923769 25 1 92 1 9 53468394239424 8 44979366946512 80 91043773631734 15 1 70 1 12 1 50 70615751771354 37 107771968247762 98 1 65 112193568927090 42 1 86 214673916435816 68 131043161156146 94
3 54
4121485819063290 4 4158243826623211 34 4143035846701521 4
231413877515537 34 219957657459059 4 258662178059974 4 227129451686455 4 243769714463028 4 219288764773792 34 245856110279317 34 226494894662303 4 225328934968481 4 241862369213563 34 231994369046610 34 218187601973717 4 245509060857098 4 235204604874491 34 231862823253372 34 237486525352363 34 233943209106574 4 239862742581532 4 227200868119531 34 224029228818354 4 223653070866420 4 226639566720166 34 251661562864768 4 244006187001540 34 227799390073993 34 236598445602354 4 234923759073591 34 227059389268189 4 218424560691478 4 237004204265793 34 228117976510706 34 227098482637399 34 222523720962585 4 235236803732714 4 222984376897690 34 233361489322653 34 227214613232226 34 226786629881066 4 237752005484595 34 214482959616411 4 236383740092573 34 223738156406828 4 226625392304493 34 218573888010859 34 239494344935421 4 234458244465207 4 221941476172902 34 241994588319514 4 219011395470886 4 219250107780266 4 235990724827964 34 250922380549671 34 234864824756451 4 218589443282677 4
3 71
709124461782799 5 695135137430348 5 800144912836679 94
45791810836036 35 134329471744156 94 18057718059340 5 1 94 1 8 95459968154290 35 1 5 78125651164992 94 173385341092029 8 60925567818512 8 42436108473783 94 1 5 1 23 40159494585272 8 1 94 74606355899709 5 1 35 86937573377834 8 1 35 65489057732595 94 1 94 33043458378794 5 1 94 51596743755227 8 177068572956769 8 1 23 41079436639396 94 1 94 1 8 26105875228187 8 23719668261554 35 53731922430481 94 1 8 1 8 20144238256285 8 80754489220309 8 79106148024118 8 88989119090130 8 81280783096895 35 1 94 35108224214649 8 62139441746619 5 1 94 73331171169092 5 41108035726292 8 1 23 36028733420555 35 14566743788784 8 110713633740847 8 11641293157532 94 95038288194980 5 1 8 68977418275236 35 1 94 42612777248978 8 6919481971406 5 18446938398296 94 1 8 135976739518695 8 1 94 1 8 19712366173418 94 95312544841391 8 32538941484300 8 10113262660185 8 60938035584214 35 32706514205744 8 6637562051818 8 1 94 64796329826672 94 40305212253210 8
3 55
1914750429842517 44 1933780973289510 95 1944141008247984 51
127006520887893 51 161943968580884 95 16076607792778 67 169846318814595 57 54471982258692 44 103979540318210 67 133062645674608 44 168247921352184 57 232409253098198 51 134108673313374 95 101359326038952 95 179507392262804 57 114514670182610 44 52807108914235 51 104768710577883 67 78365398931731 44 101422578328526 67 78727727454743 57 57055969171762 51 57510654686025 95 121471967986889 51 148164172945260 95 148459022341713 57 60288607884787 44 76369315162084 67 92310094056788 95 229883456514987 67 52153547955153 57 189069397144085 51 35398145376706 44 125440203942042 57 140190600389655 44 94667299347670 95 72570883764960 67 130266435680327 51 57490894143200 51 100827984946532 44 54717317575753 95 99783840082205 67 75989638708519 57 177357107812334 57 147400169881454 51 111079090923552 44 100281154690471 95 82306528715208 67 72103043933879 57 132417704860433 51 104810276030250 44 67316558018040 95 181792114052496 67 137865002616089 57 59371584197507 51 107864979418025 67 82799784910154 44 115163413561627 95
3 8
450784010619534 26 469717373345532 29 518474472044939 26
179463989233828 26 190823142160950 29 197842328634737 26 168869125205639 26 219969718201747 26 215136205104042 26 170921590687183 26 170301682792790 26
3 5
325730916213835 42 268701950931662 42 282052136864250 42
183444856748027 95 168721905976612 95 163460163723131 34 147025052929800 63 165602744734466 95
3 97
9037128958799364 56 9130045662648326 54 9121073588137886 100
320987317693538 68 253652845565090 23 275731515182623 95 267302334211919 78 306798877631909 4 213288896307937 22 381167650539799 31 299695171607435 60 257471448907949 34 320568289854103 14 214495359864031 87 259960903359957 38 242152640113370 99 182874878526937 55 249212226474776 100 291604324791556 64 279500620931572 54 311995370544016 5 316350249404136 70 266691472751690 36 277096655339349 89 274867300267634 48 275101934068431 83 209904735900917 26 278988227200452 8 333122482476316 33 323102676265264 93 233537832509769 84 291671887338723 6 298174941768448 57 215280769920444 15 270066405186448 77 332028933803039 19 239043251236881 56 183408185145927 43 267934288411186 96 268565287875417 69 289555861873944 10 355385710612669 45 249013366657148 98 305853942324280 1 258173367193334 25 180077178553775 11 261086118642715 35 344825576045601 86 324496810528870 65 288352027051208 87 260743304286778 84 239660333975291 5 301041625314295 70 197574540151834 1 266975697304364 26 350842618312633 8 240178932378652 83 219544083922490 15 290303131129768 95 273007760046575 56 354181695621280 86 285136630282941 100 297280464830897 99 270449009458451 68 331771487178332 36 309167785847092 11 248978858642865 25 355497935803436 45 311737048229712 69 321151976311482 19 259027710739476 14 219832855559763 23 255654167686571 77 255877058442694 64 242860447491712 38 294285533561125 10 283290927851558 65 236557013431655 4 327989349746873 48 299985522288169 98 372638868996907 96 248274985332105 33 292662204358826 31 354930513888006 43 210561692486202 89 225592983709912 22 318079372537723 57 338756674497532 93 297106810782177 35 271529752445465 78 220305550380827 34 303220485418264 60 303214866363938 6 312599773157143 54 263671516246994 55 284927712831294 19 335342868188302 57 194391532445649 78 342061424131797 87 296266801023284 10
3 65
2393622025126748 3 2258379601947266 51 2332868651145100 3
85640629722630 3 1 51 29589661947598 3 190381794134096 3 1 51 52215204913130 3 4308008934760 3 167247507260228 3 219039210209673 51 28710977035803 3 101466398825855 3 205893499725712 51 64061545016495 51 57713440394063 3 60815458067051 3 176643693061302 3 143285555720189 3 179304597555610 3 121607228840281 3 160277565818487 51 122091976940833 3 1 51 89129565976354 51 164807602664356 3 32037505737139 3 5206326463373 3 1 3 31343100001915 3 21969737810272 3 118872147865838 3 81041852229826 51 274700452557377 3 159119698503876 3 324659395646377 3 137707447739794 3 110936885426320 3 1 3 82257763851166 3 10800986973524 3 162043476300485 51 1 3 142270747912961 3 229278308261697 51 71993537091661 3 71079024213374 3 139795315727649 3 220233829676329 3 184478064115717 51 144958568790242 3 91632018077071 51 113795782349622 3 233255358277264 3 1 51 103671175197758 3 141881527899163 3 110884141233503 51 61557804974751 3 117922378734951 51 115942883118279 3 78627154556704 3 129366170156691 3 148454996690533 51 170542486638120 3 266610356910808 3 191071961281751 3
3 63
2842994289438448 73 2803513153737960 73 2786625135023287 73
122440673283801 34 81351919314140 37 214534903449755 12 142209355245483 37 119165399564308 37 175118338870000 73 308534685406999 12 46183457075935 73 125884398217080 73 199107953259143 12 226579557625561 37 135779006164734 63 257573654075781 12 146880164169776 34 173111754345213 73 58743863294986 73 119559231443073 37 1 34 161552417691491 73 95625380346010 73 122610162954414 73 66450537470615 37 154111796668993 34 44006805035639 37 136537193891880 12 92579090361721 63 102950805328683 34 124447754518565 37 120050321686249 37 229808156478878 34 199722321011280 73 198951529119353 34 281075601614374 37 45256342666447 73 79193867998798 73 218817434489030 12 123603988691505 34 58330688355526 63 297931070391011 73 67256668165821 73 247848158992726 73 134509966411696 12 90457323439661 73 279780181406666 12 84542391651269 37 273499736879013 73 93569920830586 73 22461445507210 73 8070139766073 12 162525216532264 37 155860164231057 34 2555651611152 63 212544973301692 73 88685947028093 73 78901233706977 34 261722586992938 34 240255813340787 73 165244317420491 12 216651956631448 73 183907928066690 37 155320753636288 34 83832686162212 37 204200791161383 37
3 75
4319192908799697 41 4382159391867947 36 4487612776475897 84
7683394491822 79 114737158527344 37 100690148173176 52 180358399720448 30 270011138824602 84 144459298867863 81 144590967742890 98 291970332052777 77 239678251186125 41 130314044633466 53 77734167282840 74 217173885576629 99 185259419391442 36 193377478043940 71 121962266761618 51 118880325081240 45 189501666313863 25 184227530000339 5 80832391291087 8 269944727969925 14 105579063238780 3 136156779571927 86 147323892787267 92 129933159322364 3 198360808895326 99 225478135491752 71 196847380568957 14 242599558000653 77 156985719391157 5 302752142217050 52 133650860150628 74 139659634694388 45 286249570913300 79 84910573394653 36 141027853433496 81 170211655393625 92 87134821532837 98 170036035702685 86 308710747611463 53 97024676181867 30 35501896405346 37 144629579038179 41 276889877385306 84 176921702791573 8 207684650110003 25 108808531332913 51 328763044671150 41 245689955656126 45 272862426632987 5 84255014695950 37 189765301017675 8 159475234627911 36 121103968935345 99 215071510958625 25 148007966903310 86 70793787653213 71 274496277084699 14 134688156334951 51 1 30 88064689062263 81 134393981624182 3 217330388645526 77 143078018684472 53 200458159232459 84 247264772730056 74 58738179541275 52 242437284045368 98 180721699747427 79 94627506785125 92 198160405726888 92 237163667769534 98 28608083136554 81 105391204245654 99 270166163670621 86 157535048503948 30
3 75
3536027513053488 60 3494584247357790 41 3558875118388297 60
98477145967082 60 100089579277679 60 1 60 273675189556589 60 78218421942179 60 230115242091493 60 202053554305224 60 37225358533222 60 172520633971540 60 222970356910822 60 77373738498922 60 247845746462455 60 39072370359897 60 109140478740491 60 1 60 86471101253930 41 129093556057261 60 170211056718257 60 32783882796924 41 155440800674577 60 263727772120571 60 216223605021316 41 98530623086068 60 223570157716825 41 5366382326292 41 33979993973282 60 256884707316699 60 190027026298669 60 225555600969038 60 1 60 112267007216108 41 140057498148111 60 186555012855931 60 32271932793851 41 184925927362729 60 245323751464077 60 311008610211487 60 128145243847029 60 102872978190116 60 71976442257306 41 1 60 97409930920126 41 97383098861424 60 257092732958544 60 376949091585317 60 200684253207280 60 129738001731341 41 3949500647409 41 12605430061026 60 148455792136897 60 134388280880418 60 94482235788522 41 39217678223422 60 20621554329782 41 6783682857839 60 184461691030680 60 1 60 197829129510279 60 298129353772108 60 86445928802497 41 311433057532386 60 184267554610064 60 198642801066765 60 157152997588846 60 258380010743500 41 265561278817898 60 98103346137803 60 117144850285917 60 188763662619123 60 113536442576475 41 183638221807083 60 253151353307424 60 1 60 394260966423227 60 114739687965793 60
3 42
2180523837502474 76 2101241929607929 76 2068027938740448 99
1 12 203949426911929 12 168175616261079 12 186712783044203 99 99026052166883 76 217836407248794 76 149298150116806 99 87647014811250 99 185911494894135 99 130921448136138 12 110139484075333 12 168009004736307 12 147973398686879 12 213422994314249 76 150947879247654 12 147405712260607 99 134092245220284 12 12516296731940 76 117244720390087 76 1 99 94553628699275 99 168145381659312 78 251742716618938 99 59900721257401 58 71383594285725 76 210135079726596 12 263651033773995 12 118444627030787 12 155947130964044 99 120893803275787 78 179657761690583 12 83762299308430 12 101592683952839 58 93021804026526 78 37519899786204 78 101703234846147 76 102160590002214 58 249832817225841 78 67516127331300 78 241335712046661 99 129378571951572 99 237366888822283 12
3 77
1543805469782605 33 1629815262381670 72 1574037371465692 53
40999431035990 51 80969401736595 32 33228541845454 71 44927500765837 1 79477054004978 7 51175474660285 21 83370031160227 28 83386811178289 60 39940650009797 33 21807949726176 4 121191088403839 8 46238387280906 39 34113573194177 36 40453688869122 72 72773250192290 15 22212809459659 26 57621752872336 77 72601831624051 78 1 100 6332813663967 25 81060913048510 53 88386342445183 88 91961252346876 86 35669396600694 79 41273215218488 91 61853018739164 3 26519158164132 42 52157262956910 50 45232649690479 17 48020692594190 86 76590635880464 21 67761304358293 39 11399763423787 4 61972991766418 50 46310137585267 17 66126777477734 33 40860312482256 7 53477022612388 71 66086075723781 79 112128743655492 78 48945073547463 42 71338335959213 77 53726964209349 51 75790890522826 26 71328600779589 60 87017867234789 8 67411045255877 100 66265328493144 15 57047949931022 36 77843184192828 88 46208122163049 72 85218109385095 91 49553839822962 25 69774052083309 32 62305602856653 3 46917120489467 28 81349703941372 53 27933683258235 1 80594017437808 86 44791042161379 100 27222635875487 4 73778822230177 26 30346171189543 88 64720688100011 77 38414016228926 53 84890451995139 32 35692602535235 71 86975250052615 51 27860091724729 25 50134978934424 8 96373676360436 91 83941029987665 60 101158500340946 72 1357677948765 33 58512358439702 36 44791523842846 42 36863466058607 1
3 72
2970981040258597 13 2967243336128587 41 2940705458064272 13
162893680471453 13 120200669676487 13 145130578464810 13 142050697102717 13 66455633962332 41 138958726298790 13 76738183544949 41 1 41 1 41 79834394843611 41 169923977622515 13 205200885904759 41 229829895520525 41 33480033997998 13 87729910063462 41 267513036086510 13 99786043443636 41 81682741332858 13 118884984850695 41 178721810164743 13 104031780282884 41 133443450252263 13 57809160520141 41 59160313627870 13 123749104708780 13 139290868949602 41 176531207681966 13 169984866765340 41 213527412164892 41 67688328919889 41 70473318347409 13 1 13 72496103126602 41 149543637359104 41 117568370524993 41 96824390775437 41 89879520798237 41 57151272642907 41 195853637887771 41 141861503887043 41 58110588829999 13 26758105995557 41 178412070632886 41 282257882555921 41 224229669991962 41 110294301003076 41 129101256164302 41 142621455764331 13 120478740675094 41 194787838110213 41 215716751346594 41 80346985658361 13 15291887502974 13 88412544255155 41 1998815065715 41 176373741489912 41 148981093258025 13 72399731080041 41 98245077170050 41 94819570094442 41 135117250340127 41 32076945948572 41 192981105511412 41 147731369120777 41 169503513335982 41 72614958907807 41 170614384491180 41 201305528105786 41 155718473874050 13 78268532855537 13 144083598720144 13 173232642546580 41
3 3
118732580402828 98 161810344753010 81 77240466348168 80
208850385766134 21 176430819064338 98 4559872951582 81
3 49
4648622507177125 84 4646538451623907 52 4653663893663954 44
294506499941814 64 286663422812756 81 290773079704617 37 282521100648595 84 291101903525019 70 287282840747819 34 297071501418530 87 287603500390767 30 282773526771630 92 282231945359500 97 273785155081327 29 291980187826143 90 277324231892726 47 273764313995589 8 288610470409566 98 281980792664898 5 289915837253333 91 293990213139373 44 296030888236335 14 271675323886894 56 278452881252668 6 292011444322992 31 287203136295883 52 274624579253980 89 283077665409440 64 294210162626489 92 263460847783024 84 293058550027589 47 276738485922197 90 281369652928039 89 282797907570373 98 279349317235994 44 282218595623360 29 292212881005461 30 291324774532263 37 269764843128263 14 285709342015178 56 281534400405333 34 291503606536156 87 269052336833122 97 275542271132158 70 282342242530660 81 265560058842345 52 285265691393056 31 271818490389859 5 287943316797261 91 280107546420679 6 289840654090479 8 296237171826597 64
3 72
7063453577435671 47 7118005618482747 43 7119562988951181 47
290585416097579 43 288685716757542 47 295264887290398 43 321877757431822 43 310631657542328 43 312850405088675 43 327754904819919 43 273885270904258 43 338881775304595 43 278588853890499 43 318897836370669 43 293306868715128 43 293893774849814 43 351077520575238 43 267239489037367 43 293463236167127 43 329141706632305 43 281970590635830 43 270061068201493 43 315976030500522 43 284869598026229 43 309384322262892 43 322953428116449 43 323810699553372 43 295933825745175 43 304225947369623 43 283431522820792 43 318977797207776 43 282314885694525 43 307909310068752 47 296503492393788 43 290748988404667 43 297996412304060 43 297849576892857 43 295381312915201 43 304406794311598 43 293652941728233 43 255572394176478 43 267239784950859 43 302414641817931 43 350003246203876 43 339130143830689 43 300204202167586 43 261676413877240 43 349165392872700 43 282245396183037 43 280167122227161 43 296242870994914 43 251139330654543 47 273661213812034 43 269651456217775 43 298766816519206 43 270935813743221 43 310686294139795 43 298891284581117 43 294730289044178 43 304176501727550 43 331218628242595 43 305465223818998 47 276231504085974 43 304617632936039 43 253078332804344 43 330915145686023 43 289539426214459 43 270496540891327 43 285303463598963 43 315477219552142 43 283037157882015 43 343343732886784 43 276440479305933 43 302715794629908 43 331333888587194 43
3 85
2743195855041951 38 2682251853855570 28 2667479977138964 22
183602847654919 92 154459668698582 28 121539587438317 22 92697868652308 38 161440521057562 92 84860333533600 22 10681124564366 38 1 22 108964354475795 22 107735793053903 22 92549689530236 92 174154184232194 28 1 28 12696466478893 28 185056112933558 22 49016619841002 22 97802878751117 28 126311599760425 38 135119326521665 22 115631211129358 22 29385011096289 28 167810015873179 28 167393112524833 72 101822012675417 28 186278696062 22 81127618698390 28 70698372529109 28 48116500089116 22 157276798631756 28 122348363056833 72 226837119839360 28 96823913060141 28 80410694029005 72 80387863372858 22 114718151170961 38 143330569934271 92 95698118066004 92 136807822706962 22 22191244118861 72 37223477281088 92 56005145399256 28 164856927118269 28 160100840708208 28 213494013825986 38 168633738504641 28 236225038439623 22 168752428301140 38 124925841908372 28 66544476087251 22 95370548964140 92 67239242279696 28 131747469026407 92 32454102381276 22 43758621609885 28 63778683049927 92 122468424825412 92 85256353189412 92 111016075026025 22 141250492084250 28 4711521396222 72 116363463632276 28 68272050562426 92 93816824380911 72 79387699795952 92 123588583499114 92 26159458875034 72 43179804323996 72 80155000341270 22 81646923320927 28 70679599883045 28 148432107033091 22 146478296432060 38 21506664670892 28 110832654050940 38 97651200956179 28 96392589662000 22 129193210584775 92 93487752137864 22 96979334721364 22 167538231900685 28 122057982574475 38 65300939644610 28 119783837162700 28 119012363824307 72 90889182369486 22
3 95
8032002863972344 11 8212726862851888 80 8358264236213960 81
254378779080034 67 122869692540142 12 312729290267322 5 232916012962955 80 388876851788452 15 97555261774662 70 235544543243080 66 206837309617877 13 84638238354502 38 467012127808958 9 294127655145088 44 371405541287916 47 271200086746305 11 393695955107505 32 170017286485371 33 4299405431767 82 88751543704647 20 193721620818052 81 384937514376221 73 447847914063443 18 383979065100466 17 262470949797183 7 351462399777822 57 208042701534384 95 321888919659186 96 120638120693820 29 326518832363086 30 268280300426213 14 234829465299012 27 216630872972966 37 275607611686951 72 409756845749666 36 274796253227627 43 158616300117906 58 233622365547918 83 424929385737642 65 226205924931586 54 251340142907173 91 308015564980365 61 310745134711833 98 294942460099268 94 392613719992825 59 181741974886139 29 263136694749804 65 308077754965546 83 329671958281680 57 341763530994744 33 265817492424745 61 176785173915922 72 121627269162387 94 254250102327517 7 217226054275090 95 257955667042857 11 393606276961418 5 263378945015069 67 192936220904377 59 237408194164454 82 277401235234273 98 206773621077421 66 326216045498615 58 272417694703702 47 230116231616326 37 341573525501130 13 131643622930573 81 216283729723799 36 268306711858823 12 416865896248785 70 253063675398480 9 237363693778669 38 230017708329124 17 292040558478573 80 223604962054597 18 232563662752011 73 235479893756747 32 168801470419217 14 315350400002960 91 324141194553930 54 406625268052302 44 166743484191723 43 346104189958855 27 211419795111857 20 68602927839498 15 266925400408624 96 246680546061244 30 234630010309019 67 255529432386528 44 184660118754016 58 192669578563453 29 335899830701501 11 234475020603046 98 209737907794318 47 458425478301530 81 161157140356816 91 165894601279999 15 393731695850295 13
3 56
767718729678083 3 670725542223418 15 611563256977108 3
171278688053862 3 57085247443832 15 51170236978136 3 102688924959256 3 31712505043519 15 133570519155967 3 1 3 207379465441287 3 94254505870683 3 33449668998824 15 1 3 48081556948161 3 1 3 153053899929362 3 51707993148381 15 1 15 41145098000895 15 146104913783298 15 5192055560176 3 1 3 1 15 87517333474267 3 26614709745221 15 1 3 94065762827928 15 124400745025289 3 16333821071069 3 5321264448873 3 24720989686298 3 1 15 51899424525752 3 1 15 108395759874445 3 67790608540814 3 1 3 23117533362163 3 95092379364524 3 87822470110303 3 65123277483724 15 13672904551574 15 93841906527818 3 1 3 1 15 4307342713525 3 79487494577341 3 127348203079986 3 48111824798534 3 21608951964262 3 242599910277889 3 1 3 1 15 10611101218303 15 1 3 28717937916668 15 1 15 71912303327300 3
3 66
4968779576111682 64 4914755987717733 64 4742363755760338 64
255937337753678 80 254085520974335 80 307196665982642 17 242463711003078 69 191246925098070 80 208119231558843 80 204227098474124 80 140358561347063 69 181898310233855 93 237159277799795 17 154039900677122 69 134772922202539 93 220343587195809 80 165363527652903 80 229240707245345 80 347736407188384 64 188162831925343 64 234819641820224 64 189697736941540 64 219400537410685 69 242954533467961 69 176894975064277 64 186740007815291 80 253609424385122 69 122442805384650 80 264830518665024 80 218134535559807 69 319794845315986 69 189495974567957 80 181185577276316 93 217026909332500 80 280331980120744 80 265435974512975 17 217601259794581 93 191883695862283 17 229416147098150 17 227290048531010 69 259827668060729 80 268442090030243 69 191923470537570 17 209928122645720 17 187657323866426 69 182257257079684 69 150523054984954 69 172649230273891 80 299812739500096 80 229990225272155 80 218105192967058 69 239213068576503 69 199474386879331 80 257520931988572 64 244894922511692 69 341982149775915 80 276129294976492 80 223075639504343 80 184911099763672 80 293119515556504 80 183004569824698 64 298040108128559 69 369707134148155 64 217467788077013 69 165118523034123 80 178923573369811 93 214970971937786 80 132977330741924 93 194988372728499 80
3 36
1334100693724216 80 1166139037725635 6 1256604576612852 9
148248294581464 88 1 14 39925125349896 27 61550582814192 54 70537986224038 71 174778962474404 9 160408250679141 28 121437540434680 24 1 2 90184067576083 3 1 40 79102095057763 68 96988181837953 37 122395728694210 97 166153708671436 87 168485201158394 61 168424099745209 29 56170905678035 49 53269272926100 21 89926743465308 91 122859831326590 43 99389884996015 76 232490004620808 44 54015287304334 82 135009083993144 6 106996093455648 92 149876855417742 38 139872723879388 78 177809292399051 81 132600547925562 94 131836260206036 66 77949942496115 75 81535365078463 67 47671696539106 72 161885712223755 80 1 79
3 89
3200592467933718 31 3216834196424214 14 3290406992696140 31
109673639044192 31 213075972827573 31 211287883752619 31 15101064992268 31 16781044350501 31 113142628029466 31 1 31 75035514727780 14 110251318824035 14 238358264013898 31 74118948846425 31 139126117151993 31 98241325620059 31 1 31 111391586390097 14 117641008438605 31 125034536449097 31 118129824191338 31 145275011145205 14 7199773567752 31 207745762360673 14 102546249694082 14 1 14 105219291851154 31 39397656837698 14 138989499238995 31 114294358521243 31 75095216443893 14 257962801366495 14 151891744865350 31 111429155630726 31 105508346769522 14 9128990241636 14 79702068394659 31 15209591732370 31 115715311243820 31 62682624624839 31 168794717218339 31 144852120396359 31 41344417165859 14 102496306149224 31 99069664378245 14 23740426916837 31 98917196752840 31 215005620680084 14 92797060274965 14 111130115024510 31 78307168725183 31 76582497197669 31 22090705329183 14 54997108918053 31 102496301644849 14 114860753188836 31 9088953102165 31 1 14 108251705355247 31 113608695585365 31 27647389456042 31 194321186015704 31 99584635257360 31 1 31 66749226918683 14 204816319470745 31 182070631077104 14 184295938044785 31 57778493549021 14 95832155753718 31 174167675941787 31 177422807886149 31 19269659016846 31 292672889573452 14 98553436819087 31 92229831395868 14 136656766774582 31 96810817436398 31 132646176488132 14 185856641214301 31 316608594002663 31 201135930881861 31 9052929255871 31 1 14 88967022772251 14 132268310940717 14 35263547617058 31 188348238504042 14 155025715809670 31 62339320055514 31 126391069343460 31 14022508123128 31
3 93
1208007820060438 93 1329210132503044 17 1318261767731600 9
144467936924905 96 99697461826760 17 94266454684300 9 39828702744987 93 3897044389388 9 1 96 151613009015599 93 1 9 1 40 1 9 68519085381614 9 143949446607197 93 98350372711972 9 1 17 188578120901950 17 82985663395474 40 4172473868616 9 1 93 1 17 2398631158564 9 82526220423676 17 114565427384502 17 1 40 32109455710854 40 1 17 1 9 29149164739052 96 16078754504223 40 20101757680525 93 98791295289739 93 1 17 153706477116022 17 177186756606524 9 46173671899375 17 118205787810088 17 104824193669958 17 1 17 13475772167582 17 133154182934318 17 280708965232998 40 95895359683413 9 1 17 73715451996586 9 207944416457683 17 108633690455565 9 104453245086313 17 31098028899645 93 1 17 1 93 1 9 36800237558807 9 15340296723407 9 1 17 48742427561376 40 128734653384025 17 7376966350629 9 118080357890302 40 1 93 46442033976420 93 150482461904598 93 1 17 154153717413780 96 172798408097811 17 1 9 51573286534162 17 12198305261157 40 72899531241619 40 1 40 111338860751310 40 197028899694652 9 1 17 126717655129886 17 1 17 18733847696298 17 103060490914183 17 78339538330814 9 100772489893286 9 1 40 49672460884441 9 1 40 1 17 1 93 66168085927963 40 122833774347473 9 131101277481874 40 75181447995062 17 1 9 1 93 1 96 221727346099338 40 141464473330761 9 49917581857823 93 39703750442775 93
3 66
6179268860750197 17 6316086204000934 19 6164317499584879 43
235468555768444 17 284680592260351 43 208908884862497 19 139110982191464 43 319901393911380 17 279002278958370 19 285105585381503 17 241306758250512 43 165637625671273 19 413570518435526 17 364933784039495 43 277877939083317 19 351216921182584 43 438137824775136 17 102614697450504 19 247772536896230 43 402855471056953 19 319727572596357 17 338920381521955 17 363834739644193 19 317632632128229 43 251978952557407 17 239765995202490 43 196909585241057 19 240785674270814 43 137318620108584 19 210098780378234 17 344493946671575 43 377246718592652 17 311765255592695 19 188012279842344 19 242446756153841 43 506130164809659 17 147583774337698 43 201228570088729 19 238771750852808 17 307601285738065 19 282648444853390 43 298346004433590 17 131664614111004 17 454520390457214 19 200985319962010 43 327894497601110 43 328940755480006 17 127144308399685 19 175013456253885 19 284726408757478 17 343842705084323 43 328244157513775 43 284610913736542 17 265939416280131 19 220528355732093 43 26110395797132 17 177558437425951 19 1 17 298831106595647 43 270942971205341 19 104921767209315 19 425718768489871 43 411255280777737 17 321022043281584 17 307395015901482 19 434369195516655 43 162174243676855 43 248198626792118 17 417177613444814 19
3 73
4367388653977046 78 4364188947654611 34 4348705752912433 78
174521739592119 34 195085247364624 78 166406362687079 34 185091114308763 78 167250103301126 78 210817848932640 34 203294792743561 78 192300012103611 78 163279035749270 78 177122628408032 78 196527728722718 34 157167295973245 78 172358631236559 78 184558562624364 78 184467243641084 34 190107131800762 78 153909912230848 34 166469794714117 78 181278349306127 78 144364165137533 78 170125947962338 78 172439759263316 34 147065684264568 78 201976730227981 78 167896058773774 34 180285559449045 78 201487679811497 34 177827303308333 78 172452352626620 34 168859129803711 34 196546436117748 78 156262001094767 34 167918174927871 78 189916403673330 78 227161854403728 78 209865027928161 78 170852675810087 78 182978396697019 34 240131960778429 78 199823458566397 34 162253140043776 78 194302332620564 78 142773579882303 78 190909416404501 78 183927089887054 34 196777337759525 78 165943851072887 78 154816930245717 34 195750921335866 78 212024510539236 78 188912473047572 34 215324738628208 78 187416396822021 78 176346425147718 78 164414970709270 78 210618802095465 34 158762596421009 78 174566914842624 34 178537195746672 34 199487778258421 34 167579685171977 34 184489597110818 78 184298351472229 78 157750566673525 78 156996793090805 34 212927708482776 34 155834276611316 78 173878142041928 34 147436695164145 34 152566781837820 78 165172334928057 78 240715671941949 78 174342467689439 78
3 41
1035570277058760 72 1137427617846583 72 1045059859641349 72
80370429095235 72 1 6 148198868022747 6 241998448155031 18 6264263975158 2 61243869442209 6 23761405969928 72 24251397750027 2 273318067599617 6 1 2 190924379766756 2 1 2 1 18 117033583803955 2 3976995582756 6 68076918795413 61 44276545960553 72 37000218967292 6 36283038064073 6 1 72 107354651950865 6 70122637366431 2 1 2 50708044022868 72 20274965400914 6 1 2 120463054271502 18 100249357630909 18 21986716679619 6 103955225063529 6 1 61 266448212279640 61 108561087974522 18 1 6 7828513737458 72 100059278637453 61 130142975070460 6 201290795105489 6 1 72 35176583521843 18 1135613922698 6
3 100
6913872441031287 78 6963084801594012 22 6926139010729474 49
129706532133943 78 341480599226763 75 208972643874728 62 319870976965094 51 327070457964805 52 173819667132676 40 333631834938331 28 278320907390869 79 246426617620762 89 1 76 276938881872250 85 80278347785185 92 152867043964433 14 183959629396123 27 193283246611824 82 174301699040501 7 85603732549796 21 236703672964375 15 108405776989463 9 198693972891972 45 144836606868236 32 197939685160197 23 235688302008666 56 107258245099464 73 140126917164951 99 358699239529798 44 267972725888291 16 171577440249997 31 160582035815310 70 170245187509131 71 125984034848478 88 165169435505264 10 171216895903457 60 323321300133455 87 256682006340856 1 30307374862372 96 161199216544675 98 255739942008978 42 153864761444409 26 125122257007870 4 200413548004657 95 169002613983809 30 356389353340182 2 258366388962043 59 247589975666357 22 138075594144403 49 265072359242741 91 264450004907096 48 284081065692330 36 434233836861040 38 124668338364739 17 220617643758418 5 219747360649916 55 30715014384852 58 176041127951804 19 297937894488660 29 220141992069185 1 175642898229690 92 36676743123385 44 342129393960686 5 337380353748219 51 87170381604049 38 279952054831309 42 209196137635214 30 469881472390850 79 175409272634216 17 160476818153565 60 229510541043196 40 346697970350606 82 197064085345724 31 300834046210637 32 242014753730879 75 153566121645100 62 236659340800293 19 323340996750506 70 155253661372952 52 239210467872726 22 1 55 61233703771143 28 269095167455370 14 407634831439114 96 187804837535601 2 306232724194383 99 113459014555541 88 103761364470425 4 283234295840208 85 132640317036153 45 40569976854975 7 271452271698027 56 275986875744363 49 188387087794267 59 263317022344630 21 101997225703217 10 217289896955139 98 264428116906766 73 165552496932802 9 240286349674166 91 211272403919915 16 231332951800107 89 320824938805710 58
3 52
1791588994951458 23 1783946040388821 62 1764332218859983 23
119303083956026 62 107492828153415 62 89058993547597 23 212450167449153 23 79771802813296 23 100985338940430 62 145641073104046 62 95921427518975 23 137966173030472 23 169842391438969 23 105446712236013 23 32399407952010 62 64338757201342 23 109770835469022 23 67231285859614 23 130941953674274 23 124794892928301 62 117808675221337 23 97144383717688 62 187783348726529 62 156192595263144 62 100091869175000 23 65102146480946 62 73698468486705 62 140893088401504 62 151944544162148 62 81414451564217 62 25584196135451 23 121442649545503 23 63333856451832 23 122828951259019 62 121638058983933 62 124272158150683 23 9508186013234 62 25775571687029 62 81618815464009 23 1 62 169860026804573 62 118417222833313 23 6072334836486 62 110067792394314 23 114109178998315 62 78676300723286 62 91095098821439 23 130938324988807 23 141657141565981 62 153863303195039 23 90318421826311 23 118532287078011 23 120526684137056 23 88112177265715 23 74844592308712 23
3 58
454304198603080 49 582198961601441 45 521337550237968 49
49020414364100 89 1 13 75353607757011 13 78711043341805 49 94695102699956 49 17492298745495 49 1 13 124237766411105 13 110072250416224 49 23668019010446 45 1 49 28344758989913 89 180638484411878 86 118107419745188 13 1 49 144422631672460 13 104444234444877 49 1 45 1 86 1 89 1 49 1 13 14971697782988 13 97787414966524 45 26866133225280 13 1 89 44980725814142 45 1 49 1 49 1 89 4455792584242 13 1 45 116029715100952 89 1 13 1 49 123796907670890 89 49810884069003 45 1 89 1 49 58926043236497 89 1 89 79721002290705 89 1 49 20806697669339 89 1 13 149257039483076 89 52150860306651 49 1 49 1 89 1 89 1 86 66940147001714 13 212241481128326 45 40761009592318 45 142396776463285 49 1 86 1 13 131019487373165 89
3 91
2076561376875923 70 2032820748354176 23 2032405136676594 85
71663656662536 80 90832077786012 51 1 47 135338933001517 65 153763702576330 89 24307390346164 22 106751806619947 32 43705642035355 33 59283636203089 70 129412943042646 91 46280102521061 58 70992846555767 18 50078640344389 30 1 42 1 72 170687653119581 69 23028139578771 73 67909066872324 19 110168534008237 35 35108840795821 1 111112728483366 10 31203852371406 49 83129110036203 37 56808434061290 88 65032231243528 29 102557781683610 44 51311738945519 71 1 85 114251129928920 67 1 21 122828315088626 40 1 34 65394922024778 5 1 94 100971825877512 74 172579115059021 9 182515343080651 8 49448994345498 15 64208686884557 60 99814044886039 27 76771730156619 76 29315806738557 20 20847299553563 38 76498623848984 96 70893165261708 64 55295655145840 45 55403445385068 50 10387779415088 81 61612935083490 99 124579032826870 98 84140326796930 7 49429296151078 95 91650208511231 78 112256268333112 2 77543230647013 23 1 93 69893095632098 82 62610979704012 28 57586482751440 41 89231024827429 87 8998375497260 36 91832364723982 53 142691096541404 12 25110781980669 79 104451576365060 26 36017869028953 48 36497258282393 11 13564876832643 39 44109002882360 62 63853867473049 14 94925880816192 68 27045997278885 25 64071560771179 54 1 19 25141691872449 72 57298304421437 96 158958939959023 67 90276321496586 47 134793869592112 29 81253286179002 41 61530966778730 8 154639907889325 5 79018762810340 94 107822042209547 62 54891485555809 93 37021143416420 64 9643437000782 32 121289154898185 27 120319101514324 26 1 88 6696041892733 34
3 8
483820997159571 61 489132329127759 55 562898353054610 61
195195671940687 55 208612415084052 61 202368594056930 61 244155289076458 61 205928385414609 61 178378267042503 61 147461834190550 61 165934315224299 55
3 53
124810585173603 75 123673339711391 55 155584340084046 80
1 80 84531968310430 75 14236476798613 90 61445955218043 75 1 55 21852122104298 55 29197324342795 55 129968832258687 90 1 55 7458485183651 90 1 55 1 75 56659794000584 75 191944678601210 80 1 90 1 85 104600400597432 85 1 85 1 55 1 90 1 55 53288006244753 55 1 90 1 80 144417137760610 85 1 55 48658875002578 85 1 55 1 55 104200475394972 75 47624803283822 55 6724403329230 55 112203410093082 55 68168905024136 85 1 55 1 75 9171872076706 80 1 85 81888886654317 75 30400238715013 75 1 85 1 55 30304304496397 55 45116436633884 55 95275279013530 55 20622559681734 75 25000343112942 75 1 85 1 85 70369557288418 55 1 55 16733043397497 75 1 55
3 89
7180550125459393 64 7153728461702419 16 7137728079518429 33
262140524909019 57 245466941981767 37 256643369485333 29 237078047642862 61 257524277387451 16 259254464848435 65 260739095826706 7 251233572017674 33 246790062719316 64 237696927028693 81 215391500482574 59 238540048415166 34 250535266130668 64 234833050632169 16 268261055951871 7 232237508705504 59 263989201411356 29 285232414447880 81 256786382456717 65 243476969922193 61 247334109626444 33 269995561920822 34 257838231093657 37 260590287779699 57 263109762662305 33 233526142030934 34 243726172409306 37 235794874195077 29 276984153415092 61 276879992723215 81 228310086374397 7 293184221072582 59 230840379918794 16 257472327456621 64 239454519349326 57 259242040299385 65 238137237956064 29 247853823819033 61 249270288841292 64 254463308668155 33 235851244774286 59 214348797467998 16 216030668752918 65 252351847235538 37 218919988644598 7 226667098216654 57 243047218004372 81 231573363787214 34 206798877583246 37 227689495023114 64 216259745886340 65 220784141949966 7 265719414662323 61 216838142104199 33 277886940386489 59 248406027300379 29 254413131944378 57 240509995311424 34 299679849585368 16 235066213407773 81 200688497024223 29 238005026840383 81 248670066066450 61 246930640044534 16 237119420409795 7 254619034655960 34 242205279503687 59 292638907087596 57 247771989871329 64 269619110856555 33 234317733320176 37 227482756811640 65 270332070604503 33 207064784174624 81 205389139740385 37 249985654811972 7 240347674513991 64 242640355549602 61 229087486562472 57 265008665666081 29 198447679186019 16 230620641270875 59 245723257888010 34 277916209322612 65 254560464163021 61 255839040407748 33 267378934469306 34 224426622675856 16 249365380966573 7
3 32
2657929358917517 75 2747130558390561 74 2665896655163365 75
192559610660731 75 280104318258452 74 339372315757183 74 287095375326577 75 261385672482965 74 288160181068328 74 241235786372308 74 234262701452859 74 254705560400481 74 290162567880380 74 230181721271655 75 185097340506448 74 261918096633799 74 190090003833928 74 204259306972779 75 292665386308032 74 216761932190940 74 232453651270029 75 325196177635776 74 256216625758889 75 268628722687735 74 264981936464954 74 305361634140229 75 327408851109635 75 211883749601014 75 262907056028005 74 194052519939510 75 229026612670541 75 200948789488231 74 158987082349108 74 225227501472218 75 240091316819830 74
3 92
4380318384959586 6 4350545714529532 9 4349854162794071 6
161072733290026 9 131462482355127 9 184488297544440 9 175662626411601 9 228301453551438 25 163117712550970 25 178003597734388 9 106418766170077 6 95493993594748 25 109324874702092 84 129920775013744 9 124991424261633 6 135199305545139 9 188566191516296 9 177927162738626 78 167018681165631 9 126138958378293 9 160388066605405 25 151127487537539 6 103382073235727 78 186331165646794 25 156510381576808 9 141589317334321 9 128422487973885 84 136897881385184 9 163972137718187 6 184502302864157 84 167590646031548 9 200928786316640 9 157340696265895 78 181695849602716 9 133889762046626 78 198938051584098 78 86436854326873 9 152371325211315 9 144496953496636 9 167150277187358 9 91689294756496 84 156977693356089 9 94641294793532 9 100367862621772 78 121484977754104 78 129758525777163 78 155902604772949 78 179993756730501 78 99811996451598 9 92032457000660 9 104717427069635 9 121031873221799 6 147969125691879 9 201940365062974 78 118710076464496 78 180782596342728 9 102865607933921 25 124385939627203 84 198134237462322 6 107402365063778 25 133079095228873 9 91670940585785 6 118296301789770 9 114383916012258 9 138533768004000 78 147754604613056 9 126909321923653 9 146476147627391 9 118781897366669 78 138916217762612 84 116591602907693 78 108722954844817 78 128959957639932 84 219462179033371 9 146165697413610 9 151056372122603 25 132632175934854 25 122553287604103 9 160120513045487 9 168465156178161 9 176674679072297 9 98082821171704 9 171879602469676 6 139490279176484 9 146203868227808 9 145034721794143 9 148767846169560 84 143727313903623 25 102105555254102 6 143441831282674 9 151977096464791 9 152457935910811 25 134229861043710 9 172637677929575 78 111919469068302 78
3 49
1075327893026944 24 979066489636620 28 1071542707072119 86
5012856878185 81 1 88 47675841048874 39 1 30 1 76 1643037404715 16 1 93 37383245794989 96 177332620321673 15 88834195697195 62 1 68 134080082994957 83 164676116057904 6 73293569569197 27 167115471948882 71 104458877151993 2 73531243857617 95 69062931377155 61 39278206375398 52 1 36 70136009412852 31 1 63 54106401874072 66 91028790389583 14 77869211911215 56 96190722743578 94 32035117189645 55 45044675911729 25 60880755353899 26 1 92 195572793562947 21 64880824461704 57 92100486100214 98 14883995903280 67 58119311938210 89 79038333328639 22 115197889509785 97 110212187271931 54 18161485882625 37 167642185873067 33 5493400490712 79 45873300268057 19 176422888540055 49 170543466187279 3 130485075517966 60 42174168732082 70 105605737006828 51 10110907562968 5 1 11
3 40
1 45 26128594369288 31 43341810104525 45
9746596699020 45 11366275972883 31 1 31 1795994628126 45 1 45 1 45 21649352385105 31 1 31 1 31 20610285253837 31 1 31 14207805063372 45 1 45 1 31 1 45 34575181739563 45 42000000249403 31 59934039159707 45 1 31 1 31 6251412023921 45 1 45 1 45 1 31 1 45 15610467688015 31 1 31 65683964645651 45 1 31 1 45 1 31 7823975736791 45 1 31 1 31 7778272799164 45 1 31 9128293277444 31 33333206369630 31 13747550537907 45 1 45
3 42
2629792330919281 26 2691543641765889 26 2646762696715099 95
151460334335766 95 163907206033763 13 182164251506809 13 234692394924464 95 151738464024132 13 143120206621247 26 189475749568626 95 179074503598066 95 180188786158043 26 166515475638655 95 237600941105120 13 194781333557169 13 141633474841510 95 213377623448130 26 246590211049062 13 232347581788701 13 133934797906744 95 200343569275901 26 178506412441584 95 247255748477128 95 181332557986044 13 159165001941325 95 261194130693825 26 191286989407841 97 178965330447073 26 152512688439603 97 234543911480474 26 236601899352281 53 140907828932565 95 211684758102767 97 238454374089546 26 263390633133027 97 147107369262238 26 205792194472875 53 160731482356402 95 205878939940898 26 179496961964952 13 163395160175543 95 262108634888489 26 208218278629750 26 185319060425163 26 123129433849758 53
3 89
2215914594180930 88 2136755467746863 27 2191836236894642 80
86891043659674 29 32085011781107 97 12017971417403 7 142157596798158 27 33587590598175 82 51006273285268 88 155847928255955 10 128790582452917 81 52185654705725 53 24490020981759 28 41128600970617 2 63900809289409 44 51993109816626 25 4791829633277 71 69123976307223 92 37560259291542 65 80527675141623 68 54431372614891 17 168438512903383 36 176074006822982 66 43295226371186 21 45845690540442 58 73696218112272 8 143618766589608 77 56300062113676 73 2589154748798 19 78131001048584 3 64195011223891 94 96578443876782 80 5636323475150 49 82146835130995 12 50278503294427 60 69276802019566 15 90910482871024 98 128472920236330 54 62887208981772 37 73268949750513 100 66526039950250 74 46468999486591 26 73897017135212 62 45059040109106 23 58444922604133 45 19817631535265 46 24522392430104 14 110046935014513 99 125067423348983 38 161217555068715 64 97415475336523 61 97056050548726 70 41443521719088 54 97629419905244 100 85103423097495 68 73738398471640 36 65171374239587 60 31267125978828 82 49603700713373 28 121098489287889 70 103263890700101 62 105157845220204 80 62724122065007 74 112947613757936 49 114194478052200 14 48714064680785 21 113891454091052 44 96953056397159 99 4640669346660 7 15328673332402 46 88983991128597 64 85919653324658 88 100042727256751 45 25417236767723 19 91827089714384 66 39905051944606 27 87616992888275 26 98583280357263 3 108425635659647 17 33930267888846 71 26271688933914 98 45090776790725 73 53673198980085 10 94360891758187 8 70964157748271 92 15448484967916 29 86610867044253 25 73019383393004 77 64487418550096 37 80685263995235 53 101271101076781 12 112423810386612 38
3 54
658022301616874 29 575611177048225 98 614444797871406 29
95113239524376 98 1 29 7130524283207 29 1 29 1 29 48758999570379 29 1 29 1 29 1 29 1 29 29413260233711 29 1 29 92814475138258 29 1 29 3222267306686 98 145045473308676 29 1 29 94723640472469 29 1 29 75725336895408 29 98987787560423 29 94118328151514 29 1 29 173044434217726 29 40027974926078 29 589716497181 29 72501801761125 29 95513788124828 29 106996964101708 29 84338868795365 98 133527093442631 29 65241476756588 98 35652069837052 29 113216745642763 29 45406013958382 29 62921821101764 29 1 98 1 29 40567212449695 29 1495082585993 98 201019383370496 29 6960496497480 29 1 29 103070054958384 29 35286990507171 29 25392877879495 98 23074939419119 29 84446357079960 98 182895075088211 29 36836088816106 29 46682859135033 29 75002737475509 29 1 29 1 29
3 20
676776393961619 2 648483170532543 88 316875194835438 75
100096012716667 2 259855211490664 88 154872131236675 2 207485295402007 2 284599339981804 75 131821499605571 6 1 75 157749163712003 88 52149786785527 75 25280505061531 6 227238164735923 75 106549154815737 75 216976502716353 75 28865667426948 6 9279301844086 75 234764500559072 2 34732540735564 88 43203057819726 75 87300048803892 6 94775561204947 2
3 78
2498770820656599 33 2490258131147449 19 2489933950344440 80
107619308136279 86 99789906530347 93 105488973863418 5 99756863004392 73 107305209443671 57 81725461551084 94 92889546936079 37 95845759374072 92 97954281823059 28 97459964203243 17 99646108910262 88 108216124843017 53 94689773320671 10 96509113992843 99 99236472194669 26 102260798371963 27 99074284871006 48 96070343349282 33 97149785505891 43 91817318787670 23 99192515639555 32 98060688345135 85 100427788340857 8 93668563957697 50 99569355752897 3 85402680754838 69 90346975769986 65 92773658959367 72 83037320352741 67 87836875763005 47 88191099101861 22 80897296583553 25 105981010649724 30 98256446765688 68 88401621658075 56 97578980168362 49 95337578805494 97 86654246798362 98 85734748062346 24 91433387499902 59 95888463210886 89 97685742262484 4 83433061146919 83 114241516602161 12 96212091800995 79 96910586543469 90 89484989479909 75 89136777608945 95 100356956012949 55 94114591860739 41 104988887007331 15 100063709063915 96 102582434947353 76 90799603788861 9 89442460568863 13 99786082589305 6 96818258558021 52 90982514658224 63 95906735615187 81 94919889866227 14 84397430793441 21 102080262312547 1 104774952685612 84 95738925707186 91 89692319597994 70 103900645922546 62 93540856625422 80 103434184998567 42 87413795589356 20 86953408596138 44 102369207199721 29 95481392216644 60 108111221780490 46 93624614485479 7 98254284352420 19 95508355477217 40 94477025789896 58 94349481459788 64
3 69
4387362100930441 39 4430665306431640 51 4414698513006925 39
204506932171228 39 185607279921485 39 156107602378142 39 200606150180915 51 204025882803437 39 137206523766729 39 179188891755752 39 171314222859481 39 128363819151351 39 192819031497080 39 157620548466391 39 311148402376356 39 183139420667192 39 193823357001576 39 215819064818166 39 235263076916877 39 135534771759956 39 137045778979215 39 116575758178340 39 172579665231574 39 112072532376353 39 223571157542360 39 191798824226066 39 226497185543637 39 201659785618418 39 192967752385871 39 160514051096843 39 236281332825831 39 239969511502544 39 250828593391655 39 215221977804741 39 37033955071765 39 214529717871763 39 197943644832620 39 224334563197856 39 157203371057423 39 108996617400700 39 36908615802671 39 205592727490699 51 245902702880921 39 204730534387831 39 150957125339264 39 164635439220613 39 154886907183999 39 221311638556590 39 235376447444112 39 183886162153963 39 121384929511452 39 206039987323337 39 109816842145574 39 136213312259096 39 178089533372538 39 118901542170021 39 275740756050643 39 253467264987457 39 209583521598734 39 61198667520693 39 201682593063359 39 108158982632083 39 125831027987455 39 167522150005338 39 11896133023510 51 192415736953967 39 196542433098269 39 132323112130343 39 189838316385361 39 146565055136921 39 236819485731570 39 193293550027482 39
3 26
1318905654793870 25 1313712148610104 74 1293771035698677 82
99068904057892 17 198432519444458 25 145207884454115 82 143115927455023 82 191464662604051 74 162170244761030 74 214908769420779 25 99840332549776 82 95537491710160 89 217900630504153 17 129750217724734 82 140226582529133 74 131579838409562 74 103662008716915 74 155828942810872 82 124726696164514 82 153980709799724 82 170338277802761 89 166199231801841 82 162578906014850 82 133924478462820 89 141869861412168 82 153847670267347 25 126916209371637 17 104581906855148 74 62281713802527 82
3 38
2806500140420296 14 2527443316886628 72 2911664277650812 88
248392855619646 52 116800659954601 86 177808606485469 8 13955950625197 88 151552864419151 1 352370078870561 35 279451775336630 45 144634850142195 12 299483114760369 72 258957226817520 60 167302496044057 14 266130816301134 86 423364541955255 52 319705795140912 60 333109970728955 1 189958708094958 72 160863325338552 8 193016997821833 45 199276035778141 88 133517238118130 35 307250786176801 12 122141261225723 14 132523369885684 86 168468310008500 88 214862196819993 8 190917358436571 72 153649251406495 1 108417845005574 35 181467467765761 60 179500532214465 14 197451602174348 12 4507138301344 52 131951799621916 45 229786953338847 88 227705620057804 14 289404615613240 35 259574172984654 45 136070918123094 72
3 89
394335003309367 79 614271095713489 1 526695525539955 79
1 1 23455409102163 1 16266421260553 79 59434565969291 1 7852022215484 79 55772080905100 1 1 79 80751869062590 1 5212777085633 79 96409693369658 79 14648594248797 1 33625693142849 1 74596691498407 1 1 1 50015996687633 1 1 1 59385214112096 79 2480342886831 1 110711067743673 1 51355761852753 1 99853233170519 79 73802118455900 1 1 79 100469473502418 79 65712330945104 79 1 79 77790308969726 1 1 79 1 79 1 79 1 1 1 1 1 1 1 1 34248431061988 79 104680878830600 79 95001454157710 1 54567759266261 1 1 1 1 79 93395023919985 79 1 1 1 79 41177759441213 1 49520819105753 1 124887662374997 79 1 79 423496381361 1 3049740759278 79 20569693999159 79 111684974782196 1 55576992238806 79 34950211822177 1 1 79 73094868752818 79 15908705237806 79 86982333489710 1 122387562298848 79 1 1 1 79 14915920218819 1 44158920177041 79 84495362192060 79 90571508582441 79 1 1 1 1 1 79 1 79 1 1 112850049390091 1 67458037081684 1 4317354539889 1 97259173702344 1 1 1 1 79 44252280544261 1 58175948463001 1 87815252008807 1 23697350813682 79 3391428236336 1 1 1 91083607696347 79 88904851523421 79 157463243168264 1 1 79 52408674425668 79 59629558992308 79 64771104399893 79 1 1
3 65
5409177568451568 23 5419014488605993 33 5411586504576831 33
258056679266468 33 265270662324965 23 239371925692897 18 254434865384176 41 227178145903534 33 269091085546730 41 241062612450278 18 230327736086464 23 275636469451882 33 255991499679731 18 245842368196441 41 240966612191478 52 281943407280250 18 253140565284185 33 235712149749014 33 254892426940778 23 250768231675491 18 270958675326742 18 214128328973489 18 273955955007521 33 259048048648993 33 254581052712768 23 225487265734734 18 209858131971666 41 253846425855593 33 252427540215513 33 254640714705806 41 244785169727555 33 247834272068499 33 240583764127152 33 259285758654696 41 208775465582971 41 258146617874888 33 277663539064679 33 282423186594837 33 232536920649270 23 243062553359320 41 242949811034783 41 235050997110517 41 257232246130185 18 250783820341373 41 269383296394421 52 239132780079759 33 261487788585726 23 246568102888016 23 260549852360666 33 270756903223967 41 259308429588502 33 265368157167469 41 253462443579460 33 273125397738039 33 288187790685667 33 242296119994132 41 270896720367753 18 262037320734781 41 251661351251143 41 248569722692594 23 251864697489793 41 233817160514989 33 275506884379304 33 261479779641783 33 255778657214148 41 245242170529559 18 277496437224005 18 229019261582585 18
3 44
3261863650924475 93 3247091012429319 51 3323249430518117 59
254041774075885 57 269284569444183 41 184723016563659 12 280972947637728 28 182887337027691 8 199813303830537 68 248042699586378 24 223092993470189 21 298848028746417 5 246986284545821 42 198593267955997 23 213422634408761 52 214373261078365 45 229908170146851 63 243869153278042 72 241793420696060 40 209518499326465 64 202965769483392 27 236335560288453 43 233851682320669 16 257493155839235 60 150228051375114 62 239238308303594 75 195386089067607 96 277384879770026 36 219224100768737 99 263403396818232 37 273004539952334 47 212551712068373 25 192456596972499 48 220808017588983 13 217464814021042 83 241370373620312 29 209281582211978 4 224621185870165 77 245950302601359 86 200969469862751 20 221725842167233 90 219601019088792 30 205741409093516 11 208031113170959 97 255543927397739 67 240454655855261 100 248971604914826 80
3 53
3476027821100479 44 3451988141564217 27 3417834610875395 44
195833933097877 27 249467273309415 27 169130342738773 27 216986035014401 27 159345924413727 27 205900255264399 44 182077124784548 44 225259921814836 44 224431427284375 44 179742029726861 44 196997076699389 44 201610586545291 27 221334421550712 27 171447603176975 44 208707957441139 44 191586528593144 44 190770763954611 27 191825820272472 44 190183386531596 27 183626228174788 44 161159122406532 44 161694245888567 44 238228079627917 44 198935697700940 44 167201346050714 44 215478904924275 44 189494509626169 44 211099612120781 44 186574019350415 44 166825873259953 27 188308295985895 27 233788202332054 27 218809716153187 27 197600108138448 44 196937559321790 44 215339470303068 44 201617623739830 44 200001234014482 27 257142435824080 27 221914126332586 44 201261737695019 44 221709942444247 27 175227874059738 44 197698948679354 44 212848868970177 44 185919153574030 44 167668894758580 27 239072673565103 27 193886811450848 44 148886421871372 27 192300334218344 27 152213333033461 44 211370637295493 27
3 29
1855593907482631 59 1866756873734654 42 1877818149521821 42
186322146629870 57 168612144767943 42 133469439583288 59 220164044628382 57 248048505606394 57 227804504796339 42 160104454591689 59 218937203472228 57 235666932544458 32 244290372085219 32 220294168215282 42 199607774846283 57 175870855335048 32 190214757583840 57 187345405454683 55 150869033341588 57 223198930914080 32 188412712059563 42 89660054302788 57 161378994207624 42 169423713919695 32 171104574904083 42 225028452781749 57 117261306657079 57 349350147868317 57 201982451228534 57 199032207745392 42 132145281251294 57 126175947972332 42
3 27
1125050454546711 29 1092401489504825 55 1100933515485118 34
107537982435564 56 118307773263781 23 137983934529477 37 122691954261613 77 121169158174460 65 118522633584635 19 134668224828494 2 125340508750737 79 127848064070345 66 132432048664994 36 117660166280338 22 127824986141669 35 111775069499602 83 124258444452954 4 109484648336433 18 127540248427405 96 112383484571961 94 123963480310444 25 123571315504983 30 118622247731423 43 131390768353918 67 121642360477968 98 128198202674904 5 126868465180335 50 128981448674109 3 121018828638695 13 130599642142658 58
3 88
2672485324544838 26 2695225595293719 17 2659974031871607 26
80584083055264 17 91771675811203 26 112808199042247 26 99152949160523 17 102559974635826 26 97204856165255 17 99342102121591 26 103115541643784 17 83310352571810 26 97775095551177 17 97830681554378 17 92912578698720 17 92465562056241 17 96670481192919 26 92355760706025 26 102781293706069 17 92427922935450 17 84714333455936 26 79476087849783 26 92259293348912 17 90163278910105 26 109734514722176 17 68557706421826 26 99717328354083 26 102322545298281 17 105536080713090 17 86492985767395 17 106497174265527 17 97779190388895 26 80088405127786 17 109162592198653 17 93799487013655 26 90429232075673 17 106869120556517 26 107288069736295 17 80890900021131 17 84153637180975 26 91486304643662 26 82322433927223 17 106788607942089 17 89372741347931 26 93456555721316 26 87362822667162 17 70556677003108 17 74996565956629 17 88785533912782 17 98246107172515 17 101800482620595 26 99896833446067 26 98283510582910 17 105637564329341 26 101404239718822 26 87665960960103 26 99009380582203 26 93312401946205 26 97312688664335 26 53832684268562 26 96854376773234 17 74617331843203 17 97848604548176 26 93288598209877 26 81006971989825 17 75041472145616 26 80825871067432 26 116560345771448 17 90406041316933 17 111299625225565 26 103571045203277 17 90091215863431 17 85253324953315 26 97832232876601 17 109335397357854 17 102774167676320 17 96882779951872 26 109487094732134 26 98349557399382 17 101967661914418 17 103097645287561 17 78451268340337 26 106245255140050 26 90901333737298 17 81881531416426 26 78062708896855 17 93748906262022 17 87259001402128 17 103226841226808 17 81379848490372 17 76103504302900 17
3 87
7734100653096018 82 7725795897131577 32 7742962267300351 4
276593910934574 82 242186635224930 4 265363349516668 82 262678612877411 4 282126870644801 82 274975524446731 4 255455282734332 82 305573440360136 4 271741373081951 82 260301635640568 78 280140323014134 4 260483641817697 4 272149285104479 4 266577837198151 18 265577166453594 82 271355313222382 18 278444097553439 78 256695952612453 4 279607664999922 18 250372772574390 18 259543450908923 82 265850843379012 18 266985618518594 82 256677108046390 4 282467549135737 18 272022313892257 4 272476524569243 18 272460980985486 82 249199259831693 78 252593487400068 18 268872208018608 4 257938488688709 82 248013044257518 4 292346433443130 18 259452921531382 78 278280461276413 18 264364844379234 32 259985660828616 4 281535764301787 18 257449532808461 18 295222943647015 18 291321176086633 82 263012583792657 18 276128899230538 82 288770650151648 78 272216107545336 82 237018352241548 82 274235973643022 32 279461495388830 18 258039213457848 32 288739431351709 82 272753057628490 82 272916776755951 82 257254426241765 82 254579807903660 78 256093264259131 4 271118383641062 32 256384785808580 4 265652223123441 82 268903333350992 82 293955188868148 82 279234023256961 82 272140563317581 4 262759183534812 4 277185653149403 78 288871306771639 82 247502811685577 18 268907132120074 82 292503048021788 78 285229099831520 78 298714956732439 82 253492550429250 18 246875657164172 78 279946980479211 18 270420872041619 82 281448248917670 18 260729986140162 82 276715275409225 82 242798408275215 4 265268476784276 78 261941250967146 82 266892906909569 4 289589872971170 4 263990573159549 78 265087814181287 82 280312119526931 4 272318680364842 82
3 85
3965855776512163 40 3707398571385317 82 3675418652714463 65
157471674674799 46 58709153145432 64 113902338022690 26 110212604535468 48 337651700465337 8 124837877062587 52 1 28 210845931246599 43 1 71 160609084634844 82 147815863757020 38 205011061912470 34 82723960832466 80 170049692367922 19 170867046625925 92 214253419961890 25 89611350776343 45 20536906565122 13 231459832380396 18 241538041003068 95 65375632271624 67 87596635451696 44 275364316950571 75 39298343854366 59 134854925765803 35 111995863232685 40 257354887180531 24 28398193398413 93 171642117673857 16 1 65 131332537164148 37 45594374808166 30 90721469408107 6 302102829750063 60 76425025920991 97 1 49 229131719621857 10 196330410019285 20 156067358331461 40 121452165665048 13 69498147659829 30 1 93 82323426237393 71 1 64 178816984799355 35 339614581292407 18 136325445660521 45 285908664055339 52 64609210469212 44 74409154538283 43 72702159145047 34 1 16 248448813571909 37 1 80 166250807751848 75 173331944245211 97 191084733102532 49 1 92 102095789482679 59 125148720528653 19 1 20 121704442349685 38 152774151232493 82 312184770005410 6 269183350107944 26 224183888106987 48 161646828991170 65 140412667766527 46 140915856087404 60 207677288648956 24 122018969255852 25 74051297250761 8 152240349306948 95 165821929226063 28 145226483265393 10 141786864386462 67 447689766731361 64 124477158342497 49 261111160341123 37 107355584083664 82 204149550179122 93 181254107695648 59 140721169263126 48 46204940523399 35 338728277920589 80
3 19
1490935609980507 34 1533716429773375 32 1542896287690278 34
226914449666980 34 277018455480447 34 224859795202722 34 256802451942155 34 228228071677506 34 222558147540264 34 219389246953516 34 239781446717574 34 264568973777589 32 251233498545632 34 221870123009816 34 259491659506861 34 221134092054663 34 261977483866309 34 234773392798390 34 238672821343317 34 208366233589008 34 282200328388580 34 251277565601980 34
3 27
1656667811733827 99 1663325807159061 33 1660263062239376 33
182936921669570 27 190417457634881 99 191271921324508 15 194403934705466 27 191442912303020 99 205770208251685 33 198807126965918 99 188665537550109 33 186522693741788 99 191103329838840 99 195471882428758 99 181283620461533 15 179750737356607 15 191885630280967 33 171836571701286 33 171371671077115 27 178561076869217 99 184004908096674 27 182064255688361 15 189442904540866 27 189007172173304 99 171577036945026 60 175345196711528 27 170019645136631 15 182394557999157 99 187311138489719 33 181472502947119 33
3 84
7607084924140875 45 7382670423565427 86 7759279013542006 25
274415442632988 5 291901480104618 25 337430499135384 11 238748163633211 80 250563376627658 41 460099243776710 16 268290906838812 30 183883026140911 96 233830304042338 81 120563126386276 63 349016248841791 61 169810002876940 59 299464374477888 90 145916796645782 8 326520452015787 28 338470679774897 88 258638875855484 32 242081601445380 1 237439266599901 68 398979142942332 73 403609091152827 43 79186363053190 85 262405216708930 46 139735925222778 20 183219947594145 93 312519000790574 71 312287124814077 9 310008724647495 66 169085003437997 67 296248310552796 79 370937309230343 18 262888255891108 3 289928998811625 86 180766864239208 38 171008816936480 75 146499086415975 87 293110600376450 31 368044884870547 39 231724046401655 76 143473769778875 47 313676164233957 51 442226771663105 57 353813045198907 55 280692543364205 64 282265145440443 13 305766296265027 77 327111501513601 58 313648957790719 44 232720847779692 37 194538257456605 62 344381490444957 83 245803333574779 23 181926856497021 72 139617887629755 2 225107151507796 52 266962791547520 49 397103614761958 24 227757232106546 98 391676331627497 19 301644869444519 92 284003843903781 65 216340041241939 97 284635018783890 26 230499370079525 29 401478484648919 15 189946941388620 100 262781482464474 70 324577742408200 95 291266951456556 50 307652426707058 45 219493980010114 63 396584624666296 72 442681825955922 62 396568705826886 98 338596174755766 66 273768342359720 43 305460899692099 64 241613348369230 11 250188015995977 2 142627447039309 28 181016022838622 59 234794614276464 70 460693883601717 75 146304762075287 15
3 46
4517610372843034 16 4507265610750694 45 4481221702263447 16
304155525015845 16 473563016146997 45 133531313053371 45 263974524435112 16 298852570202750 16 437245456088621 45 176131296458885 45 230417202649946 45 264075849665509 16 297263597535265 16 258218899994651 16 260749554610400 16 355012316672380 16 337435027166307 16 381406080316054 16 248569351905453 16 248870468668091 45 246159116444428 16 345102940616137 16 327587849519413 16 400215120427435 45 345578907674157 16 378868784064692 45 349494007569523 45 171888077722482 16 298871883582470 45 317113150421624 45 197848570391129 45 308470201770851 45 396501993431545 16 343143713495752 16 351785717775048 16 240022086924020 45 328905258300403 45 204689458724467 45 386452050050883 45 275379411954449 45 367248614747247 16 345292491910936 16 309333005357153 16 257858698020904 45 278105767901603 45 365713663940566 45 239663793178659 16 353429848718523 45 278522531596012 45
3 37
2966999793289587 49 3061389312812648 48 2828129910680761 48
175799545693102 48 369448740740449 19 163607804076788 48 296593725685291 19 208453938336477 48 195607506707865 94 170463066348167 49 247059417599789 19 243313438213365 48 410662466175759 94 278765191953694 49 260578215825793 94 176369260956270 19 221365723867344 49 215163132002422 49 238017608309097 49 297076087166531 48 169463900014101 94 207842113251066 49 172259103470717 49 282273429296846 49 265115241185999 49 160582405777398 49 255336056556357 48 220634816106906 19 361284577514870 19 199110225012897 49 316711150338105 49 268547454972333 19 228694404664595 48 117090392929985 48 187330327360285 19 309552932620069 49 312749957179959 94 247305454169503 49 255094746256527 48 294102207229271 49
3 3
22982347240484 90 85235567874954 88 1 81
1 47 17214229323005 52 1 25
3 85
3080427054460609 3 3023539086777704 98 3110549787407623 3
128747127167666 3 125073850898819 3 118669443436392 3 236795043729753 3 226884942232482 3 16358131480447 3 189839177990909 98 165412400998988 3 188944252653225 3 134141322082093 3 58176306147251 3 86469255974240 98 62596441998772 3 72798067180881 98 179631209668042 98 98175043437649 98 101331189607653 3 1 3 1 98 121391747647954 98 1 98 1 3 125750856312047 3 165352248443680 3 160114762502998 98 90466852118897 3 193667380811159 3 81891576189137 3 139964170990298 98 81229668594127 98 177929566278450 3 77433917130580 98 178848859140093 98 1 98 108103200138646 98 80661121830617 98 76349657551533 3 179914418729106 3 140106563020452 3 110351149368892 98 168580410688814 98 188850882162898 98 22837530620407 3 51693203652037 3 154528066565159 98 27834242253069 98 106041550712865 3 210964575560426 98 48165877240362 98 108610226712362 3 46578444548584 98 57964673784870 3 1 98 203032952070409 3 173423237169815 3 23311202040893 3 185377379408698 3 162865393700979 3 193222413694915 3 99988003982166 3 83115493734906 98 138167028131969 3 209034464763881 98 13027827253551 98 184234124142406 98 7467048168306 98 150311425812496 3 190585757314814 3 92916042353240 3 185724059492742 3 197946338014061 98 99761407472971 3 37560429059462 3 168734859817957 98 86978362581783 3 1 98 138173920713184 3 80867026855485 98 79193589931935 98 246289704825538 98 179940282154631 3 153337265866211 3 1 98 62861738352527 98 27610569386269 98
3 48
1574331916591425 16 1640159206039931 53 1588869467778163 53
1 53 39339933691853 70 185111469697786 53 11036427001303 70 94691637889931 70 207817455259182 16 90501880864694 88 5954794322230 30 33680498691721 16 143598827779706 70 55384412954287 88 104444032158332 30 73908596669262 88 228454546455740 53 88372969445321 53 132148837786758 53 1 30 75310907803492 53 36515737916003 88 1 88 216118034370832 53 189554154970780 53 233716145317297 88 186441753741671 53 104648693088492 53 14563336152838 53 76350555458846 88 150176218812055 53 34317310987905 30 138698821521378 70 167579161963207 70 148086181763473 30 53680313721130 53 158746469643050 53 1 70 38114149169009 53 152896937505295 16 49077654298420 53 128959196580542 16 86024469441818 16 103855587768995 70 116065769181488 53 1 70 25249933698131 53 57736812817972 53 198844024395029 70 1 70 108221208450576 53
3 38
1 73 142364496970917 95 160053886809869 46
66589230568370 80 1 11 1 48 64029846142504 73 1 25 1 38 39087513765867 70 1 32 1 62 1 59 125196539267497 78 31623058569134 29 1 30 10264956398938 56 1 68 1 44 12266320125107 96 75774025879208 49 30854035960110 66 126591443793459 2 75789586589012 55 2765097392655 33 1 95 106754694359953 36 1 75 1 5 1 22 113187236386525 17 1 37 14830900565734 58 1 20 50377416804543 45 4595815793332 6 1 98 55570722064921 31 1 64 108053719407501 40 1 9
3 7
659296693503652 68 545561127293359 71 527068526269062 68
294332370877654 71 186816519581191 71 233037451231335 68 251495236544398 68 256701478317604 68 312543783546395 68 307995323804087 71
3 3
1 40 1 40 80645345960834 51
46468726504308 40 1 72 11182462685964 72
3 22
113630378621897 92 131358596280177 19 116339047081013 11
1 20 37872507681623 10 31055013975205 77 7734446704070 88 7151930051759 9 35477926677475 78 43231375047396 5 21723474977602 66 29097547710373 86 1 58 45690573036264 8 37356183648836 65 14853956108357 17 16101600086097 31 16514541342195 81 30235525243257 98 27838235460585 43 1 75 1 55 1 11 15340569887503 97 42130115514104 14
3 24
1711494334389536 70 1716698494765399 31 1717469392475384 70
211882896521861 31 203029494438430 31 212735280379493 31 210998870097252 31 215680111458486 70 207498238151514 70 210089777648405 31 222163727643224 70 206992347302516 31 213958153015450 31 210530809891058 31 204343897204518 70 215395361290185 31 214258027092978 31 211588832563252 70 207470077500773 31 208585526441465 70 211779296001047 31 202588068706705 31 220732057190320 70 212836737449136 70 200506044588132 70 209650319058562 70 216877830838304 31
3 25
1206314837487574 67 1320719682001941 67 1211710401586213 90
153679951840966 67 41443571082249 90 80774172060891 88 140672462145428 67 126844281830710 67 167806424287544 88 7656349355806 90 179423722564156 9 176907317919157 67 102958301942725 90 249230976620547 9 36665354267267 67 13310499488320 88 164476849502612 67 77794948349684 90 86530148273484 86 143483568542978 88 120408519384243 90 225932817889353 88 1 88 179390974439688 67 137247314533920 67 102490809523104 67 178452833544105 88 186646571403904 67
