100
3 3
10 1 20 2 25 3
10 2 30 3 20 1
3 5
10 1 6 2 10 1
5 1 3 2 10 1 3 2 5 1
3 5
10 1 6 2 10 1
5 1 6 2 10 1 6 2 5 1
1 1
5000000 10
5000000 100
3 5
10000000000000000 1 6000000000000000 2 10000000000000000 1
5000000000000000 1 3000000000000000 2 10000000000000000 1 3000000000000000 2 5000000000000000 1
3 5
10000000000000000 1 6000000000000000 2 10000000000000000 1
5000000000000000 1 6000000000000000 2 10000000000000000 1 6000000000000000 2 5000000000000000 1
3 24
1782073066159102 74 1854241747731373 4 1821610072975582 4
244271832485975 42 216281108425014 42 271432563248785 4 166333228119478 5 19788838133299 93 121954052260795 5 290491474947801 5 346407915703256 93 184450936743108 93 125107715137123 5 151735209695754 4 227529189728692 42 243363878046835 42 211369834803263 4 72378430764776 4 263028112157629 42 118512957030525 74 341367009736149 93 289104132219617 42 136822885130506 74 249475597965189 4 370115088541245 93 348305537232428 42 246124760992875 74
3 60
2484520452904379 8 2513985293775114 29 2502115624219585 57
145208460062687 12 141761167123224 88 124846472672036 8 143160759368591 49 127817088341744 47 115399567316159 90 145320921327801 34 136506418378283 96 123962201848505 82 145179947858107 5 119426394932376 59 95220115682671 29 106885490851735 23 113770272712670 64 142488173251477 51 111985812493089 84 133485414828103 38 127312885055583 10 110565613384038 33 97404717375206 43 137823193285330 86 108762490401763 100 109727874888177 36 114003850915807 57 129714748115765 92 119649667637152 62 104632536837501 80 116537426885183 86 143612711485505 92 136645818305770 84 153282922393289 47 118720286253218 10 126222656393959 100 120081594574819 62 110437122201212 64 132236800515725 12 126832476381858 23 129532350075810 59 144712726219420 33 123972276496223 51 123226570617852 82 153957064097334 43 153596049897388 88 133760353700903 8 116203525154920 90 144203380518057 34 140402503592047 38 101971752230596 36 136034641817193 29 131112962291870 96 118534834967673 57 134724691631389 5 119553971094232 49 110331373424366 80 121677913776109 12 130228537153490 57 132032502247559 82 139762706226421 8 122619344839132 92 142116290277381 86
3 27
2570936295577124 31 2513163382508421 65 2562109974621808 31
238050158177385 65 335367860721047 31 348709700328907 31 301886711743315 31 311448405252810 65 223481408347325 31 246121392862391 31 286573873923196 65 335531400717759 65 284871128755248 31 329531145069038 65 221036177307412 65 265363184710329 31 279528914861569 65 300040159060744 31 324519299844264 31 307378818496747 65 237712410997598 31 318546912630353 65 267555826283479 65 254663653231881 65 235694431675621 65 299569986822618 31 344263496711171 31 298534157341088 31 241609264518065 65 301108090847532 31
3 88
7149217982385445 32 7056635453676501 34 7077358251451472 45
209986263975833 45 204250058036944 45 245568309281489 34 273930323752178 45 227180953349224 34 227851997611797 32 160568207674505 34 219539917091498 34 266059830636389 32 298765734169868 32 233760570784349 32 186543420815066 32 230649817441894 38 234134554827931 34 229425163586073 45 228852436443110 45 289297871384725 34 200545047558233 34 244497751259325 45 236380773658157 32 172835939269874 45 319364584282934 45 145425544023338 34 205182797675023 48 290230161158175 32 317123493161363 45 280808075927393 48 287130909465804 32 296698166977019 34 211637794485229 32 213823277418938 45 232911364845010 38 220833308003390 34 263421971834460 45 225403403524995 45 233086143376582 45 309864681778455 34 246205348325154 34 205932253788045 32 218000969708327 32 266326076057652 32 205171590895704 32 261072154755937 32 285704377953474 32 287503739920839 34 172193414701874 32 244110296057895 32 191757430308618 45 204938159920626 32 222522339127964 48 249196996247348 32 180218980343859 34 155258217284267 45 337559770453353 45 238953121765144 34 170615983622698 34 251674404402676 32 223451776561965 34 244364993037753 34 280582303610109 34 223341933105696 32 344057124578060 48 232725451986606 45 265312363968532 38 224978498377810 34 167666144979247 32 203881870261881 32 277328117542688 32 285137733783917 48 276080844153904 48 254886481507221 34 256781324223620 38 199258542176291 45 304480575793408 38 265608636683680 34 215095409500074 32 311546529029007 38 130661363772886 32 246530834857566 45 239255126420085 45 196548364287990 32 201256872484003 32 186601353365041 34 245762022008939 32 240209584881084 34 261710804209715 32 188467058917880 32 253543788560105 34
3 58
2504529978885335 6 2610481587663172 100 2623962049560094 88
249225267307569 52 240840038221285 77 48386313727443 100 166995609377999 58 209707703664894 74 159046823613361 91 118621752760509 59 226307275756146 72 247350626331393 55 63438659621209 94 95309808180496 79 85711793093094 85 49747658577423 1 94364708915911 6 193263369200854 71 19603141053002 18 152028296949326 50 198791364483743 45 179068745610151 69 171630376409907 63 188613258764392 75 178727583898207 15 174208951391884 25 47551655273819 88 82120622642003 50 97916366193539 100 53551106438000 91 156844181645367 25 127820340342426 15 117373879584611 45 92751116815244 71 243187571126533 69 157053060210209 75 50677484435934 52 119519351686330 88 170322422255683 79 113750231890849 94 169727274761157 63 189524056446384 18 160615240253382 1 79663866719676 59 187697713572491 74 105842727894328 85 54969863426422 77 85972743222728 72 146675048892549 6 124874939044406 58 87058658806857 55 123873676943442 74 146282767049118 1 71275321952456 72 210728302091839 75 181580503047669 18 122678510889795 94 202174130018987 91 106600261389288 45 191799638291310 100 53341659425144 55
3 46
4027469441603521 98 4118746963591907 25 4163190031901208 98
235279767949880 25 371875141183497 25 286943020168315 98 243669940641831 25 307298293489134 25 321403849678351 25 291675661269710 25 309877914572222 25 173926838098815 25 267388170363784 25 210623580964418 25 217684171983083 25 236732693324940 25 227916251766746 25 195356239765439 98 256289985644232 98 197322037297743 25 308234770828977 25 221175593658659 98 229744876494097 25 266439282857445 25 257987060496975 98 285496172044652 25 298740080732731 98 165831093500280 25 196388790795810 25 189966055507943 98 322729010916044 25 242968043922963 25 261948749094979 25 136269158071448 25 64267952579615 25 237561039731723 25 318052045605583 25 184170615754443 25 376514522060428 25 299181223902584 25 175628454053528 25 314123298486101 25 274571975656685 25 211626721614420 25 179274051686107 25 347362513299083 25 289589421111154 25 291140322290040 25 232884323256828 25
3 50
3639449990515872 53 3667331141821467 2 3683727060661134 2
238168707668793 30 218373352487292 53 232722538744554 53 208221660314982 2 199959503495486 2 214025288963035 23 224827962351210 53 257715333833753 2 209670763657911 23 253596593435450 2 259505416503310 30 221182149010210 23 237292555395984 2 216688939568921 20 208865014680371 2 197122560686829 2 195411995274855 53 205195208533800 2 220633187697778 2 223806245041603 23 228662365558275 30 220307079972293 2 226750826183426 23 214305707648842 53 253902359000050 2 189783341915010 53 214983510094382 23 181823684243367 2 192913866535345 2 202823324010985 53 206591889818370 30 219908300062728 20 252284450712006 30 245138682453774 2 227881586996274 20 229497343645395 20 227305083887727 2 247977029770381 2 226070250621270 53 209415927101890 53 198467882893453 2 223291771619070 2 241531933387700 53 189338334796744 53 224233694198744 2 251393541480599 23 237461830781912 2 238179638509315 20 201152911151173 23 204222038759334 23
3 82
4800090659542438 55 4887862169332082 53 4858553335804743 90
263302356474417 59 208064572198262 60 199567682643464 4 186802994447470 23 183402239725021 7 111043490880291 14 230235715305754 35 195437055697185 93 114006733778869 68 124504220780036 2 75369133126869 100 222892082376206 97 143644620744183 10 360825940981608 76 66180907537314 80 264343516920818 85 168999921149615 8 184487770973398 61 186937055905477 20 45817084446323 57 16566604417806 74 211238761996559 44 162111597711126 89 317628560371454 53 159391842683657 18 108233217666027 15 161155960377099 36 199955631067829 82 117211155301221 88 78196674629991 72 243821285452035 83 128400562479851 64 306391347632767 77 244363804486558 5 181153827779598 94 271501779219837 42 252522001307861 91 174518836798186 39 201878509852941 6 168528566584257 19 114694273252831 56 99752874618593 69 26905697635392 29 235294694932338 70 264034569625588 27 194215494357816 73 147859167778044 21 269888545422121 32 6123745862264 58 266475478600963 28 223811773352583 96 70626389722297 51 147941030184384 9 333394286323868 38 206555542940857 13 243507879116302 90 133626634492009 50 77705801895732 98 253775298094654 45 230198573583461 34 65593867724478 24 263014612926920 62 271726987697441 81 193680508288194 48 180111632300769 1 187116276954071 3 139545315232617 92 177612404652068 33 136503180239787 84 169784652837726 67 200116136683827 63 143849840778973 11 232530761168045 49 61099429914422 12 156900136043025 86 62620263587795 30 170198844372963 26 203354735251033 47 142271957203745 95 155182561813204 52 140404360711510 54 186731958249457 66
3 82
3418009379748241 48 3408527644269307 60 3436902418877694 48
83731640758209 48 210692024251165 48 82846285616806 48 95247758145656 48 247799023360394 48 104298065191244 48 69620648164204 48 193997626818327 48 117968124362373 48 147795120391121 48 1 48 115892215289597 48 105591952688321 60 62727337711774 48 210765779156117 48 252597570874282 48 157449727290360 48 1 48 223589453243295 48 206598856735912 48 193221057557383 48 117998869715195 48 195557773032132 48 108153224239402 48 229731333194097 48 157317059123338 48 40832090471899 48 9377931469676 48 134053562621682 48 303177025119165 48 206752946960917 60 148856295187759 48 1 48 25891972273799 48 153027289944700 48 166188068807921 48 67754263509466 48 207081672903852 48 262766384746723 48 55665690760506 48 86266394565772 48 1 48 107322778361436 48 130980047520510 48 161000408747780 48 26439469581020 48 309530592303078 48 1 48 260078517066755 48 186121114381659 48 73063079559590 48 1 48 21607370230160 48 178104743329589 48 108481873460397 48 171721128352228 48 146238021913578 48 138299436850403 60 180219332031596 48 92064489219966 60 166760236195824 48 158262728269662 48 153877694789314 48 98302685124436 48 1 48 119396277359195 48 147758320106599 48 149777942626971 48 147471239528650 48 181205615694093 60 15025686159537 48 131015495831754 48 238882135671296 48 130934329198545 48 263955111628055 60 1 48 116297771725768 60 104473784068526 48 142285908448081 48 35532040909219 48 172699889928228 48 217746490791161 48
3 46
4177853813149593 77 4337180808525075 52 4264186832908492 46
315189266961804 88 239708318193308 46 152679058473203 88 271397765192776 52 244306718886004 88 261894197002029 52 329186761012479 46 210182444622384 46 295773198982471 52 251018473335501 92 146500966554553 77 237105936193952 88 218470259709787 88 186719002948047 52 322601666933701 52 230028476068297 88 152533999466338 52 244815288047534 46 358129449872502 88 193484280749343 52 340518113483091 88 264812494807873 52 307921011578235 52 269781324491334 88 188884135523117 88 314018647666057 46 161761098010103 92 235616739228574 52 258809710751037 92 233481883710140 92 242934936379670 52 363018384301526 46 330171919112058 88 226023943230694 52 202649748384709 88 296991681271320 46 304812267327222 46 268481916798267 88 300974111594918 88 291209110850359 88 176280127166400 88 278075643382214 46 305402064576955 52 254958719146780 46 255264917280021 88 289943248184233 92
3 93
1653626150727952 100 1683506791922700 3 1644637004708406 14
62746555156868 12 44819970090253 47 40206302063575 28 62788139409405 96 50470514495225 86 49014734874147 14 21707413917435 78 62752190857009 3 74999986128527 18 61443021269743 42 47488073712838 99 78155281134761 100 47895347781471 76 31999689102583 99 66447169239043 78 59833480041241 96 64134299202650 3 53943967904980 42 49516667860580 86 50565716679744 14 56524117624959 76 47815652091885 12 46113514627333 18 60921272340582 47 77964453325574 100 59083021935921 28 57972318396527 12 46358339984095 3 70011369343373 18 63627775118377 96 50103719960714 14 56068422777867 42 65315395329967 78 53789274477352 28 57796014037217 86 71561566489861 76 34621084607546 47 65493025738870 100 53695905957677 99 87294686120126 28 50326149122252 100 65506436904467 18 11399855544142 12 71181514187087 86 60953962737677 99 58286638387530 47 51439036726212 76 52976748296514 42 46252305857515 78 69905403303173 3 81848944378766 14 40709742409580 96 69434945164221 76 55441646588794 100 69702933455671 86 61076038731290 99 61240495982435 14 56996706312041 78 88328079085635 47 46271548319644 42 59254761279697 96 44697196975026 3 55258386923642 28 43681569142238 18 33255477477649 12 50693067971196 18 33950488430273 99 40508062278376 12 55950332163229 96 41964374953841 47 56679176332110 14 97388104149474 86 37080963972471 3 43696450071570 28 76570355801811 78 64099837951288 76 75035680348914 100 32959809744083 42 49495097481077 14 56589586121475 42 40954633410926 47 27766519310168 28 36622900798759 12 57758514654781 96 81513571322783 86 74762338408949 3 44260689141603 76 48101333436867 78 61028028553809 100 30677575837413 99 67696119519542 18 88456754966413 96 46914542978810 78
3 18
925458490945066 93 938591746484720 54 885439940450978 93
312439058337129 93 132264245677564 54 162879406261199 54 251737153464129 93 107807011734688 93 100411383731597 54 104548296325190 54 245727892769546 93 235584663305468 93 49970214514756 93 280923065059180 54 151188368050772 54 82429342324651 54 50644378663263 93 227740806270335 93 172873477192910 93 72420423745409 93 165756846879596 93
3 54
1990593304182798 82 1965513518603712 89 2050341726733802 82
88497003308609 38 105982339764402 38 143397853100036 89 141038395720625 89 140110082577719 89 137957329212030 58 97164055236428 82 149166746988928 58 132514992842072 58 41053423969184 100 121473660536332 89 79071164101275 58 68374545232518 89 124331871288241 89 85141156236148 58 101873123211445 38 135898954084889 100 79236907600863 38 147471735641722 89 97810082104731 38 99960934853753 38 98399782124945 58 135694373268259 89 88928455812095 89 120720274638445 100 112444140240726 38 107001397236452 89 180326547286583 58 68753858505690 89 127242219584186 82 105853760836482 38 132270361955392 58 120981061436000 89 133855452228207 58 194630055972707 58 133437674628892 38 103846905225398 38 139522333484060 89 132975966942382 58 105855975775812 58 119241180105338 89 136418500739032 38 93475314881825 89 121516318281507 100 100617490583322 38 138507824972544 58 94444228604414 89 78545084156366 58 99434322505150 89 70538076114354 89 125956859766164 58 107823168401941 58 109763781363356 82 78319854802141 89
3 88
3099445993210091 5 3126964895312800 89 3127162789989393 30
94254695450324 73 89442750685245 15 65004455505735 25 53208837539349 72 95268612096611 64 120906910762794 30 117802288406627 97 90980670809263 36 134966683693849 82 74670218605772 93 110388586672858 54 91762805840039 24 95730982854110 9 107457362063839 57 143121116702643 3 97974548705767 4 100742029726323 90 119636197554752 32 124679595255979 20 62084213970718 16 97100650800225 43 75006940924043 60 114071353677264 22 65870402324658 70 65863575638244 80 111134528042670 95 112373778935157 45 98703185792928 13 107633519828104 40 90782264700346 61 93328300640863 77 141113160734246 17 106265789830051 34 105671998869754 87 137659086213955 63 69005116604099 49 97542629972533 28 127263055680744 89 75138632135187 71 90485511496606 46 103761717110311 5 106704110371155 52 121530440686319 88 81898459415548 11 154636486494482 59 155262608883146 74 73121072034314 48 104025489340989 81 93664905638023 100 130754934119068 41 98547540457542 58 112581379305192 35 119620110799146 69 126547057835628 68 123085872572804 86 102299098129974 14 95677187359335 7 94989352449775 98 75181590794204 6 144040116716223 55 114582628377492 76 117025953207420 96 112899743048882 27 58382484782449 12 57848095934007 10 86401908785528 91 102603825406049 26 100903931110293 29 112231488431491 79 107146330989201 75 69699287703699 62 102252504831120 9 86257496322975 69 73101088422815 59 100715833075631 89 103496235940981 12 130874123867548 14 63050041151708 20 96503518943382 54 80916478833285 52 86853624617031 13 118827626715696 97 86599114470737 76 111089722294245 49 116904115934595 24 136054717821419 40 128009468623581 87 113740478098758 34
3 98
2286045022652358 93 2319058972262838 41 2302677830855918 93
15553376113903 41 35041030426124 93 97569226859162 41 1096736450057 41 1 41 124029854302261 93 33791399842437 41 95024648367463 93 43025495372245 93 46744112406710 41 56454464511752 93 61467654744896 93 98014373980011 41 146678707114071 93 21970963771864 93 30826391175107 93 121938377460028 93 84050411438082 41 35884872022077 93 65358753059056 93 34989931950441 93 85636777181238 93 48816892613868 41 73960027748711 93 86964961396517 41 29200158845997 93 105990329859308 41 1 41 116499015776141 93 39693378095500 93 96553449772339 93 51656701977735 41 21093403715775 41 53773822519936 41 76070404469219 93 112410460694147 93 103347537710358 93 51233550426929 41 75647638506065 93 102098616619398 93 42327582479146 41 125637466096109 41 1339003288571 93 10734907385018 41 47182898539986 41 1 93 63156790691169 41 16517188341715 41 182754278919800 93 124925608409966 93 103356622241306 41 122815307858411 41 66312470465376 93 45410698619658 93 52049440916156 93 36535753800127 41 37244322569057 93 105938821778642 93 68670638664431 93 1 93 58211304897325 93 47775104922597 41 20942132437727 41 96188154798863 93 123312403295850 93 41748094057436 41 132096991454472 93 135475173754230 41 105903541068296 41 27272632364850 41 101626240716959 41 102744909078596 41 43205928306667 41 124697560074838 41 119001554548584 41 85270886704253 93 42410106459822 93 73647034415572 93 62733308041369 93 41518820955598 41 110442224089459 41 34095838265256 41 16908703906276 93 53131590368184 93 42497940561200 41 54695026248760 93 44863524253858 93 103830302668091 93 102623556710824 41 87231610372618 93 124839518097031 93 56607289320493 41 48609895929109 41 18081929505743 41 34862228194509 93 144017823745735 93 48559632801224 41 29563308378590 93
3 65
976901669670553 87 1103876994937943 41 963419309772724 27
1 27 1 81 1 87 182191612144256 27 97019539636506 81 165222603362020 27 1 81 52918855259151 61 115869237990888 61 1 81 94458755845126 81 16786780455174 61 4187279636976 27 1 61 51178862914546 81 106837195547526 81 34374340116170 27 92870568677237 27 1 27 1 61 39705972878360 81 55714801590340 27 57207769189482 61 14026127236074 41 1294764817629 81 41760017336875 41 55688585797478 61 55929244881852 41 1 81 28496420828275 27 50553857975298 41 1 81 1 87 185814274563140 87 59698433637708 87 1 81 40707115265756 87 47259512006303 81 1 81 1 27 1 87 1 27 67103275594611 61 25415676850870 61 9424797309369 61 199123571104004 81 45869903383015 61 18855769602296 81 1 81 46471100516515 27 1 87 147757396325541 81 8391815058415 61 1942600723990 27 36331031322518 27 29081069272271 27 78247303174951 81 61227455115646 87 1 61 279995864566966 81 1 87 125207152181852 61 63120815218311 27 77826638925829 81 37439674611762 61
3 22
899218009546744 87 893066691896108 80 887091627870895 34
121806442637939 52 115811529777656 3 109794958402532 7 130938362915426 68 129633144292290 96 118375410716271 28 130533106220218 12 111494922871910 67 132457621021015 10 113929384002265 9 136513393239257 60 130943783399757 56 118083328642063 45 109924307077021 42 113377624864604 22 118885674732839 8 135488142495541 35 125680084477736 86 114262962831367 17 131844527523022 79 105974754247387 61 114883416400681 46
3 83
8030278707956425 78 7987239070289068 2 8035978540282628 78
357210977549121 2 345429913890300 2 231701780282020 2 283844945071936 2 190471829891646 2 276206976042000 78 347155553151254 78 351831713347186 78 387869438749843 2 317519594484298 2 268290840687235 2 278299034298709 78 293467628731423 2 281897830245009 2 307194713653031 78 290365808336351 2 247731537484095 2 268539880497005 78 297838977948443 78 318826034899017 78 194499658272910 2 253130111661882 2 236725057542345 78 363718641235474 78 307186625042391 2 181258901210808 2 346058095590222 78 293596414541857 2 344549459043018 2 309938071276251 2 359765543329078 2 427858278524542 2 246026696133629 2 261937834904381 78 331588650666154 2 167081681434753 2 348663573671906 2 294270243394812 2 280757063414579 2 247929262295685 2 277672422451027 78 342835921673852 2 271048811148343 78 311286699760633 2 277402000757575 2 310505025983211 2 263377302507642 78 256639897846750 2 238167257929460 78 353394993824231 78 317500302515692 2 360491392749132 78 342145643234954 2 85539020787389 2 213960686650651 2 364600369763031 78 320131603354438 2 315033217827687 2 388147075061277 2 232378342445783 2 305584394925268 78 317202892221845 78 270594757108929 2 248504036577900 2 341629942917995 2 322878696613791 2 281602180541737 2 433858554780801 78 374929081297823 2 215380448677456 2 435585556639559 78 355262711279467 78 336663623928642 2 303962687491694 2 247957947012913 2 295858105271648 2 256048217182703 78 226056794501887 78 279612377913959 2 305545587671272 2 296350863871034 78 227551504236168 78 235643274649679 2
3 49
4567768323588301 44 4651996193518247 54 4594278803182972 54
189412652003320 44 347225536952243 34 315919544844147 44 264614105250937 54 257791169113279 44 276264165734457 44 364333089113878 44 278189837342540 34 238026650878775 42 307652255582734 42 301159958024887 44 232447137546394 42 359579937218238 75 260898502747389 75 289670817509603 44 418255271368079 44 247282447206303 34 229511476704178 54 237641861668859 75 303196356552244 54 219741188122487 44 251890954866542 44 323144622187557 44 281897951154785 44 334704146354949 54 212768332387728 54 301475697447069 54 326404135194987 44 299277198767571 42 215502103575156 44 278529887885423 44 295408636577009 44 188950415054634 75 299647013352793 42 270524780980197 75 277157759065289 44 330617273381836 44 378180418295512 44 371596676863583 75 259904100215151 75 313363168985158 44 255766804365075 44 285857252766737 44 180912246173535 54 397554394530859 44 312320478832907 34 301105515208407 44 390074236357737 34 306404048962809 44
3 88
145687475787678 4 31971487843970 25 221959656619512 91
174418833291872 5 58094811057507 82 13802657517724 93 1 48 1 78 1 36 21814788709748 88 1 40 1 86 1 25 1 35 1 17 1 4 41226570182266 62 1 39 81882891871413 98 1 9 1 91 30456753935320 81 42146444157775 42 12516296799832 79 1 29 1 78 70532750515252 98 1 88 1 36 22202010565865 82 1 93 1 5 1 29 1 25 1 79 44632720100565 40 25723980335541 42 8368235762619 48 42901187365366 4 106694664745764 62 77692465367807 9 1 86 75357751217563 39 52005548616259 81 30845512140100 17 1 35 1 91 1 48 152408876194442 91 153321494990173 98 80885285568604 93 16437692223249 17 1 42 1 9 1 62 37345382856121 86 1 88 59151992898055 81 166427751088320 35 33207575886501 4 1 36 7400674847666 78 1 29 127169484513322 82 57294190767156 25 40727553285692 79 27350261477737 5 1 39 1 40 91323948222644 4 1 62 1 81 64571317743550 5 32021495179700 17 3836474767078 25 55340790322336 48 1 78 27075474162995 36 7711598908961 88 41452588079544 35 1 42 86674609014587 40 1 9 116223031837565 98 36499078116432 82 1 93 1 29 1 39 1 91 19776334738019 79 99404408778255 86
3 24
1358242063746767 99 1426062553883150 9 1362321057764831 99
140185915922248 9 122315836051732 99 272143761117647 99 234739339789422 99 357664019400202 99 235196541346618 99 176870214168001 99 146193262133929 9 156202417782182 99 297175097446755 99 119320430270138 9 307382805492741 99 255310724588988 9 148285988807956 9 84924063618763 99 239476443809406 9 128452069026756 9 84571385055036 9 149288827157091 99 157944538496055 9 178576831424013 9 251049770705742 99 107010449630269 99 184995524595711 99
3 52
1557045150740300 32 1624502992143368 39 1616068442965366 27
148668812931451 39 87020168127495 32 200648281918279 39 56299568068931 39 111681867757330 60 92537489718564 39 94691736411761 32 146290208396537 27 76007587894585 27 106966392889884 39 18761161677900 39 76332807300214 32 27453320913352 27 72569680787333 27 93300017939588 39 24597510323605 27 127891764581479 27 80502152531418 39 111363326981717 39 78962117335263 27 122718049778648 60 107059299677011 27 149847811659580 39 158033986165145 39 78704845608003 32 200487639372245 18 29690622024734 60 120504530826720 18 110680548590919 60 86989601789649 39 89689809164415 32 87782570080672 32 86302362046748 60 44018184820331 18 56667719630564 32 19691323469221 27 132759858016183 32 96505300937303 32 1117247328622 32 109011137459053 60 67010622343286 32 56141751239681 39 62511517466813 27 41659632667236 18 125688226130039 32 82999855446922 27 60584831101778 60 71687554657300 60 105685169796566 32 129822113199059 27 50506048867217 39 85159311034352 32
3 9
440327302848569 24 433983850306360 75 407182162394702 53
139552805658762 68 146459082601088 75 134336187215914 38 147902768515139 32 159820299420951 95 154687198504660 8 139579398602743 78 128646989390539 85 125236875790707 58
3 58
3975154668148651 73 3975902550684671 81 3989530630969671 73
201473844055027 81 193608276805444 81 220072888092520 73 188441599077357 73 201855288076615 73 191367319958552 81 198350576088591 81 199019458481717 81 210091388768677 73 198817648540441 81 218720665853613 81 196637975417991 81 206990471059838 73 196067552854987 81 209680716435939 81 210833620066509 73 208778986288618 81 206182771005197 73 211134930262845 81 199615608127859 81 190906464540748 81 197117046472898 81 208113700757601 73 230114184396174 73 218860766646124 73 210402447398763 73 207279218701243 73 199368132596742 81 208215139932970 81 211670459390746 81 194479377323264 81 203001982641463 73 194493738789935 81 192727351840025 81 192902799466933 81 200891716264263 81 214381332229574 73 206929336470715 73 205263639298270 73 200554032151710 81 212374891212612 73 205687514186333 81 233668512639385 81 203085147051690 73 215990121713464 81 199257249452767 81 216619996803391 73 211771825908210 81 204878417940872 81 201808565227503 81 201151902562652 73 216243703075980 81 209698831845810 81 203407662319984 73 200023069481912 81 200816008691295 81 212819910552774 81 214901507699772 81
3 96
8773369295001796 90 8654637438124388 70 8763705183484113 4
292871699984719 4 385057251251067 70 368104059128775 4 230458821428900 4 193090788873329 4 84868370090387 6 270222793047361 90 306332860147764 4 247682412382528 74 303839495971434 74 158677148051282 4 199972761705563 90 312413014169103 90 346604131293996 74 320204929655730 4 171561337094854 4 363463170898698 74 223182202262875 4 154211797336271 70 277975949775366 90 223888972467820 70 227959546453556 74 95859416210973 4 147503139048952 74 216423273591773 6 195692868481550 70 356336568102215 90 153722195477739 6 301863398926987 74 172703634966476 4 300060044691165 90 330887779958683 74 219884930574166 4 301077262339267 4 210244629648174 4 336348460411099 4 334745446656862 74 140405480732609 70 148667804135698 74 364299699655792 4 195386203952413 4 317079168764891 74 215575758994905 4 261970813592966 90 254012033885733 70 322142434871396 90 373701510957122 74 410535616601838 74 222121401051564 90 213054228431205 4 233134334111160 4 326242845473508 90 233475270237118 74 246974297682318 4 129405096925353 4 240249050866749 4 337019776457452 4 371259856261546 4 338176120122978 74 280254046506571 74 423515657542097 74 382876103169337 4 330669132373123 74 329448484209663 90 342864709338137 70 262586363100439 90 340513649931269 6 292871105868587 74 219478179352319 74 281703677964954 4 400571078544095 4 235457932720550 74 234143991478125 74 249573872551667 70 305584550563756 4 214746741186158 74 291763462218301 4 344205076721991 90 278780544757539 74 327067504360207 70 354119949735653 74 243380775157851 4 353878924444291 74 260172585104376 70 146993109112947 4 321937320296985 74 297386683955454 4 239829733341641 74 168421890437490 4 305905683949195 70 257736669660145 4 249278913950526 74 198321585076238 4 359203179301681 4 126055021712599 74 219315105185235 90
3 11
864031786813603 27 964279369062845 81 868967085624751 74
306566929040559 44 262042894181590 91 158051608993402 96 216012632595267 46 309871128170086 54 396341213245978 35 230670260788077 5 319867743858959 80 270607474874696 64 253031869693926 37 267318086972201 58
3 4
301752495367648 92 267322985489319 44 297515040248095 92
213776363759629 44 213953090671740 44 59581921288282 44 207461317330323 92
3 21
648572732220044 65 798302286212010 65 617468751048308 88
142082349004657 10 90839722677234 85 151895256646410 10 78840730804374 85 121581750416027 70 263511497849773 10 19688655728992 88 93871321201671 85 59822608673979 65 146283428990136 88 146534443693369 85 242178794251933 85 20923059077338 10 47810770770952 70 35715468006781 88 165540108117908 85 115787268958827 88 1 88 103055146246424 88 70718198831829 88 202127069450294 88
3 45
3936569419327362 80 3980110372362916 78 3979074345823560 22
294118284710838 96 314826981478685 12 184069643406869 21 254283749304579 47 232333793794538 40 213660869396393 39 263137908620936 71 195615486802670 24 401820748361009 65 330918853607593 51 334272145468168 2 161497645594615 50 228936071361800 44 268645970801425 42 318839808310113 56 281590647140501 13 261206725319987 76 362719505108274 59 347932931033516 69 229237015158259 1 225267922160611 49 283384667961743 58 288681741021600 78 187847285586200 4 138595770883728 90 266695223056989 74 301027422414728 9 323339409708286 100 307370373897269 86 311364912601259 8 292173002598048 60 257313484122093 34 318804367350885 95 308155297599711 87 352976455491198 17 275016495256493 98 267054656070205 85 247447887497617 23 227896109927588 72 74408991372966 68 266247594917730 73 263322765195485 63 156810425406072 6 300922036893321 15 176465885557570 27
3 9
259965783346930 2 162143812288678 42 186236362357258 2
106994967656727 2 127285704371587 42 71763473158283 42 25213037159389 42 74152330302746 2 36100595912989 2 151422669544909 2 97856675700166 2 10879676505699 2
3 52
2664600636648334 69 2706731449814073 22 2695473590028523 22
163773263201637 15 145310447880272 53 165570250113664 69 148695456020744 53 191113964382570 69 138038040208641 69 134316267146532 53 133593214458055 22 133016977969087 22 151847611022838 15 89868631569217 15 185297775130006 69 196612862585836 53 178688322477542 22 191317166404066 69 88297887244243 22 145016371892692 22 149134476134495 22 194615285212428 15 189012917138017 69 195453720212384 53 192985348937705 22 153694914586383 15 127774444217402 15 175436488602749 22 190368419741232 69 97175869712443 22 135266397978859 22 191653502940431 22 150900667886640 69 171242304506810 1 121722816128640 69 224040183843433 53 92293961507433 69 199679343302933 15 130077559387156 22 167825529030502 53 171763094211482 22 231874234859730 15 119692118007896 22 121993413379500 53 124165978559085 22 122106582014184 69 208349883879153 69 158272717481205 69 106532339868531 15 123865507768209 69 191005516641292 15 125447172100817 22 204237666973603 22 128743676960507 22 156465101418700 22
3 76
3863736384217704 11 3852106920899816 64 3883820399938012 8
130272699342451 54 98659945374266 7 137020291621719 92 169914657916280 8 106110763708687 6 174152480415920 20 165078640002284 83 120884980705013 57 133733025255867 78 150231780751765 55 125221512355660 52 201953688929314 65 143901720044167 93 181759173566933 100 99511742566904 62 183441448413391 74 146843111203750 4 172241053564576 23 169375802939173 79 144384620876184 41 141277756889911 59 166807121166781 46 158675594084470 47 199114082880655 5 135303868904427 80 124386635707413 61 154501585274903 85 140845892549656 33 168848463517592 25 114994272209942 21 177727523319123 24 94500995105986 72 130344998235221 51 208355471999547 73 161155641041822 26 156754099768879 11 182710335914401 30 192414388143974 76 188294921488112 35 177439948355805 9 125350962594669 38 157152554183978 29 115161131249545 63 164334227397254 44 220733615377754 13 120805427134219 67 116085435796950 69 146779583355221 42 190458909438566 53 144215280588500 91 217082732055740 31 167554277760632 70 164261071727230 2 143781691869096 96 148589904192224 89 155259174177984 3 165680425284453 71 154646759353459 43 179127013049576 64 191710051344942 34 145559194719382 58 135419208621731 60 136067289938406 98 166139065768019 27 144503588253169 75 104606188592990 39 111176935369164 28 150939119127418 16 186416461286697 19 135278360202923 94 144756119808169 50 171899939075686 99 138670369208201 1 151264034149516 27 196911117831833 26 151136856307887 1
3 19
145596108291492 37 78964952124366 64 156668262047901 37
19659016678117 64 71883478868767 37 94381725834076 37 95558991836808 64 53055509029615 37 23289560945134 37 145626484645705 37 74680202364448 64 15692607942117 37 1 37 1 37 1 37 1 37 103845950540657 37 99409289009959 37 100136917905257 37 5193397076766 64 1 37 1 64
3 37
2352266469246908 79 2340798796494532 79 2336408251580723 65
198586158234136 23 192324383402273 23 199852544728421 65 199479938215511 23 223976989123512 79 147837581464547 23 187723001694010 23 209979242244661 65 191700377840670 6 186121186279643 65 205784965110250 65 212272828980229 79 178341690157652 79 205973111253482 23 209718054781407 65 185390210071430 62 188837175891402 23 199961540935674 65 194442625005819 65 202070374392232 23 184213499600599 6 159926464984710 79 194007313980516 79 181188886528418 65 211157635175986 6 174037365791270 79 185796335639436 23 210304485939131 23 205052319668827 65 188209619256251 6 196957709090864 23 200647620097427 23 181570209585898 62 198084437316900 62 173272210453686 23 185322947596604 23 152099534315586 79
3 96
864696161663843 80 860943260944805 4 864457020121556 46
28502586832801 16 27412034733245 97 32081331164388 88 26912664006606 67 26398786086286 93 29184170427544 57 25715116611831 36 24527311199055 59 26328186142163 24 26317183075700 28 24374802865647 82 27372691929004 65 29832851117409 54 25689027451980 83 26719829540530 68 26133994768953 30 27015206212197 69 28310753069928 3 27076870096612 55 29514090025632 50 27261566871881 78 28315037056153 49 28868867413851 61 27811847694791 73 27530525256699 96 26964726623930 89 26593305494645 11 31430172470794 84 25984395978344 76 23587106230933 87 28749775034679 81 28681470131089 14 26625840231055 10 24767015631230 46 28995523688439 4 22377120616469 56 25224183984303 79 23385147061343 35 28904999672468 41 26254459488730 80 23924853268166 85 24458029112729 71 29994940228251 77 24002078795538 72 28137015474026 70 28457761480100 45 26728303149448 18 26329275674730 66 28645672467247 29 29920366929644 25 29414275017268 20 28419238133229 43 26135360171019 74 26959155588405 6 29738346968097 40 28928800962217 60 22123919115320 21 25426804192877 42 30083996764210 47 25970529249206 95 26602259662739 64 25901403803031 44 25253665804468 26 24551854459136 75 28764158699585 33 23928848919534 91 25127629876027 86 28373162000210 53 26286882032614 92 27962920981432 9 25014559741354 48 26817074164327 34 28260381220436 19 27223522432893 63 28787778617579 39 25656993839580 22 25878228146770 62 28619413893996 51 25996310180240 5 28019703010963 15 27270989381201 52 28632661082573 13 27828232362695 38 28435477973038 31 28750752624564 37 27512772112184 98 24331605749795 2 25274600566573 8 25602037619071 12 29020000564024 17 28499485591593 99 24489124010644 32 27860698103481 1 28005028025423 23 27716104016719 33 26622729697763 36
3 24
894267609591714 33 903437207151081 75 900986600888983 33
109852440449133 75 116334892044969 33 109774781796323 75 115083396431049 33 105568304924087 33 112727167833018 33 107133664960167 75 105426391054035 33 104495333563505 75 103450984056623 75 113184154964632 33 104457119863104 75 108593598224341 33 116555587439016 33 112448625987825 75 111301744122981 33 111719460077142 75 108930126238852 75 105419293221313 75 112925107314204 75 114845458965118 33 106949379560667 33 99841517246681 75 116551435142630 75
3 8
272038989491581 8 268737479973123 8 270651158462313 23
98607512169808 23 104615547873492 23 93600925421942 8 99947439941490 81 103291465177089 8 100142832323208 81 104228860874611 23 104395960649730 81
3 59
1999890894538726 69 2043541525909905 41 1937090004985298 1
184727210760445 1 203288851055933 47 168425595182672 69 90835941136611 87 79665626394761 40 184846687469994 41 46254587672784 69 122591325515827 41 201275175569129 87 70601383143894 1 133610547142081 47 48142043113727 40 275769481701024 47 139802707397363 41 99717287776373 87 104575061308387 1 44367163955208 69 125297606095264 40 68587845297890 69 1 40 121414307400779 47 189253535663047 87 204032870420450 1 18131801938173 41 152787168947652 1 128552517839888 69 28329305173157 47 105709521636504 41 131636779715065 87 115098632487928 40 130452392409827 69 152714610718355 47 60068717358677 1 212744710732255 40 133339180865211 87 90498843489443 41 26118095395217 41 150528400734369 1 139236805376835 47 117778809781986 69 90704721407837 87 174048872869038 40 83898830302407 41 88167722593473 87 124009892430125 1 46588066661366 40 130000553798120 69 119236354264612 47 17286879673453 1 123741835074934 69 71028041595701 41 155864019582412 87 5017929506828 47 46746652407714 40 147331740741928 41 45567632910366 87 105030189043140 40 122269842505644 1 1 69
3 34
2394849646521324 10 2393838684989339 67 2393145518115180 10
210859758902230 10 212593798231576 67 209063221831663 67 209915303449499 67 210402049239464 67 208601346109000 67 210841915128773 67 212186012580083 67 209934604304897 67 209650461393822 67 211135954931575 67 212825693587632 10 210599794942250 67 210835660143681 67 211153113973480 67 210069729958176 10 209150220238338 10 211148818923432 67 213267631555237 67 209014567805655 67 210941005399276 10 211342703279236 67 208765134390319 67 212296957078327 10 210534396215823 10 211811616389820 67 211297681271859 67 211192929884140 10 212186207640977 67 211532592055930 67 211883818664334 10 210576551675541 67 210466221700363 67 210826208862607 67
3 70
3929316369529985 9 3889485865857483 53 3926281221787320 9
167524995120416 13 141165101499519 9 125208214815566 53 169414111841900 53 182847692629261 80 170518789783229 9 155540595951345 13 150415218525662 53 154821331642685 13 157037593070833 9 168523615585862 53 159916840828023 13 175539170358205 13 157676590703779 53 200052979153078 53 153385376647423 13 189524291942547 9 164147148498397 13 167992007615731 53 144989290576864 98 188892218806383 53 135037619696788 98 165929194973879 80 187042067724812 53 129132323322104 13 151121429122278 13 130314716219026 9 197681238738247 9 140529575514322 53 178912482407423 13 170781714288212 98 185091500029346 13 185769004140141 53 166704411161749 53 184982979818209 53 147013239561252 80 184660525227476 9 149855798536921 53 163339230443552 53 159382792622018 53 152365188354789 98 175188765050733 53 155769312041361 9 170810287406234 9 184531120807774 13 160828200118595 13 181393088861729 53 185827413707245 53 153249840782184 53 162474591948119 13 183537204262207 13 200381150258192 13 157807290241213 53 130262510813744 53 185040027133690 53 190266055241423 53 188344419951003 53 146297118329621 53 184788728236665 53 163852800361508 13 170885133611944 53 206248168695142 80 158500667658920 53 194729199233536 98 152262203273872 13 161755928828808 53 172119454965949 98 152797676746439 13 144179287129579 9 158017533683105 53
3 28
2046811750798414 31 2004198992809158 17 2037148058017003 34
203686766396418 39 208879889293574 25 247000576718376 79 223679053830941 22 245062722916077 7 209027247582415 82 217830563080158 42 241965493680220 31 219365194711356 18 223488213555916 10 245903338950713 17 203055558132206 46 208073971453927 48 268924760328751 75 229667948005361 34 202141712967028 42 235061417402944 7 227415972128897 39 210222630319244 31 247544706317698 34 260025454292285 46 188360901981789 48 235994708277295 79 244525066280753 17 208074650711823 10 218189987675700 25 257853502770055 82 201876717068216 22
3 54
5337865862599846 94 5250165795262475 21 5294371842853851 94
237317239572777 21 328545561023172 94 228849370118028 21 299308143104035 21 306898359139735 94 302055629720312 94 305746460875393 94 248832545775858 21 313514590113760 94 266633713634724 94 347505723947193 94 285380651473282 94 285832262805842 94 339084205111886 21 236995980920640 94 285303273193278 94 273705869027106 21 317314280473624 94 321175337454000 21 333082829029381 94 296910857120258 21 381967713551002 94 292655713624017 21 309919145342610 94 269095257174321 94 313675746933467 94 296442837273281 21 331164353332179 21 279807888005083 94 312873477129779 21 280414018735976 94 311383123678521 21 340370391942663 94 295710482281740 94 273970576486019 94 265183587127778 21 292402701989991 94 323983565515365 21 228821416852469 94 369860308739828 94 325207330771521 94 268754942009185 94 308423515569905 94 279474080861178 94 318503270762090 94 317375969734534 94 266765327753022 21 251378082933645 94 299763921108652 94 263530118570759 94 335104646618974 94 280883133554996 94 322480243626519 94 298874412703597 21
3 87
2158628172517962 56 2159069056648617 56 2153465974935365 58
74768791028858 88 70398969756787 58 75125999670411 58 85993656759268 76 87380714234805 58 77860104516060 76 80410705662511 58 75227643945983 58 66813708852404 58 73432781784416 88 76274903867642 76 77570307490957 88 68136163415891 88 70570407757579 76 84012318213817 76 81420822611633 56 74651767988776 76 68028119873862 58 86730561941013 58 75035122309108 58 76424598842220 56 62786409501892 58 72066665407498 76 68709481222784 58 61126546356608 58 71104429981039 58 75460775302605 58 87613964075837 58 72478844624712 78 77196686143390 88 88479386982108 88 73738694083170 88 74921668941211 56 77106269955341 56 76560274494738 58 65776108393239 88 80445802829573 78 71391219920207 56 78010531456965 58 77695215282059 56 81564481274994 58 71771848226705 56 78903366534095 88 76846117535303 58 87822110249805 56 72628274892579 58 66257197405014 88 71657761634084 56 69498187778719 88 79465172897413 88 70525053848913 76 86095951646107 56 75260547466382 88 89191146855367 58 80745684349394 58 73344138981743 88 72450225279263 76 83095866365732 56 65048487526268 58 72635701664024 56 84421308742674 88 73653578303098 56 74900210207662 58 73692204642945 88 66128947381658 88 79621176084877 58 69835517064159 58 76600907326440 58 71525425535685 58 73981037327921 58 72140353345748 58 84748669409316 58 76112321603479 76 73059103715116 76 61884875093635 58 69302542191274 58 74523405055922 58 64030939726077 56 74407396209316 58 87534730286896 56 69240970064785 58 76777933606886 56 72333937096081 58 82943258995553 78 80063296388415 56 81028261692894 88 76736482825214 56
3 12
129195726170873 38 59596190956336 92 96806270717738 35
1 90 1 72 23310259113300 23 32461249553994 93 32454437178016 47 12167936704917 99 13695436559466 88 1 39 32904393347209 34 20132445356882 70 42977190056798 42 15701459727972 22
3 9
381496360513598 74 411380407006574 12 447324547943969 74
155717865925451 12 77479723383268 12 152517133275058 74 105117803390537 74 32523217836583 12 256117529969914 12 149928403933727 74 141769498481270 12 120055387872731 74
3 44
273038421768277 93 241262366359041 7 155733420340615 82
1 82 1 93 1 7 1 84 1 7 1 93 111706119506018 82 50164840487192 82 1 93 100199488337471 82 1 93 25760337787140 84 96327972287692 93 1 82 56911790555730 93 1 93 1 84 1 93 93835104941802 7 84876238058788 82 1 7 26844636027156 93 1 93 1 26 1 82 1 82 88905890287853 93 1 93 1 82 47932981724468 82 50385566210010 26 14559543883392 82 35853474675783 84 102952336045237 93 1 26 53365178078270 82 30743802860885 7 1826630910330 93 44429361195430 93 169930664897973 93 87964340425057 26 1 93 18654563783316 82 26830858473316 84
3 15
494074821706250 43 536257287897442 95 290990336193919 42
99183716014159 47 1 2 111615993004860 45 344956878928138 17 1 59 132134054397097 54 131480973649823 56 142557181191750 27 1 69 171322396691065 81 228003939772720 52 52013868300330 3 141631960314932 92 317781823706613 61 26171479545954 42
3 90
1781113218407934 67 1755034892889072 80 1751329921429402 67
67205258468505 67 57778527288986 67 59008948892175 80 65078529861766 67 47675055098875 67 69510159407170 67 37384906825336 67 62971099805557 67 57450144574392 67 58809964645877 80 47893348538784 67 47807455105814 67 57976066542656 67 63358736714280 67 46098450940440 67 74859546445900 80 50613395676298 67 57903255069987 67 65298568134435 67 47315977654906 67 63266922373252 67 71256623072218 67 61940931433055 67 55021534289412 67 66183336564962 67 69193962605710 67 51078707815036 80 41350936491006 67 59098136952286 67 56413409874226 67 57441038870878 67 52873460349781 67 48701320833434 67 31978270691176 67 28781839832646 67 77871849784198 67 54151196119798 67 79234726575438 67 53169700654775 67 46424773087168 67 73232286719875 80 73715100129181 80 58851751917662 80 68442461208275 67 48057882963719 67 60347498544768 67 63959302622541 67 59201022014402 80 56264215119886 67 60992512253490 80 54876986823564 67 72604763402239 67 53312787152738 67 51880138155604 80 69637360175292 67 69998438942802 67 66591008999087 67 61798857351989 67 64673421021448 80 73087447789365 80 72784619876208 67 63391228826973 67 26938098190064 67 67145670812441 80 28365171428239 67 33938326159068 80 71239316202353 80 38527560829334 67 59694282673503 67 49767272942598 67 43550635187638 67 59954928436334 67 45362830322235 80 57575752608992 67 81412498668529 67 54812324557253 67 88333252345519 80 74385967090614 67 66601369974007 80 65708756812495 67 53936039220185 67 74338326200523 67 61755679471793 67 61884748782013 67 55737200547239 67 58506411711350 80 69385475805904 67 65674168126156 67 61541737890949 80 77122417148929 80
3 36
2212369831028505 75 2210580207673706 30 2253386631494518 30
191571463473149 23 164640365740503 30 204947698856099 75 164552539546368 23 144972921060685 30 214409580234021 75 159902176943930 30 218036704464419 30 190781726966129 30 222197415668947 82 170892444139186 23 145906840698625 75 198985282045341 30 129613766144268 23 202024676630995 30 210831439418945 23 154747589450408 82 213060873141244 30 171456129370507 75 231949800072891 23 124972099038104 82 192158802173006 30 188027516489613 23 212990130490492 75 244652340654986 23 159840602823125 30 171034243890361 66 117897893600276 23 176637020892141 23 118002426360099 75 164816724508839 23 142330678472663 30 189580997438404 30 106374193047379 23 215087383325761 82 175099333655994 30
3 85
6767047372704280 6 6798715368388092 43 6732083043206504 80
91641811967188 42 322024858068617 79 295588665544904 24 194729640981807 11 186544198134174 50 367178186976971 73 402974942200135 52 305218876715935 41 249426043532500 97 330602778646662 86 243276983221018 92 208522220601140 71 358139818739887 93 283653224921849 19 153638540974931 8 158236260984977 67 339520400235325 33 150170915046502 96 127010649518221 18 290584489082437 89 98439700653355 4 69773102126353 83 212885396696498 88 453924736402216 58 389524220089333 6 203265205677049 51 168014738594302 43 93972219104016 15 147276625073351 23 224704387313324 65 200189583828974 40 434425409745080 60 491593983343868 34 233508140617014 100 195240500484312 46 312236497124308 55 119716372551230 53 233155275690391 98 333646121710500 2 162935367703355 70 291195857798695 13 318305912752033 31 229867752270327 56 229508208288131 87 228064387849833 81 396187462616460 27 145979813896692 32 130430320339142 16 197546156644107 82 246012049226164 49 372139793061003 17 163808712217354 45 204356016150413 1 322157597424948 39 244511523982656 35 192659290462675 76 168487173298408 84 369635139775999 3 255185869491729 38 268570785862217 48 219513543401180 78 375796500352617 74 94391886800625 47 304486784677575 72 370312362748491 80 272820734821819 22 1 62 264441327118383 12 35302281771923 54 244523277537651 56 280200957998495 82 153479089448869 52 40502582642443 71 187131541243593 86 263471372767984 13 408736335745375 88 304919478280882 43 399208922812501 74 179757103190564 23 81433707879797 97 199183070351313 45 187420838640015 48 350066356322580 42 208405590833396 55 313578303669970 58
3 13
1264266706155436 61 1261744245447070 18 1265481492582212 61
292569389255755 61 290869438106063 61 292374418785022 61 293436147367869 61 291675894607408 18 290984268841805 18 298737608643159 61 288266946502840 18 286294081207381 18 293005848010814 61 287764099364475 61 290290597606703 18 293008450197773 61
3 56
654453025745740 27 675036747546330 38 656430449514273 13
37663717422560 27 25952128629658 89 28767031238404 38 34807435273324 13 19381551569786 89 33089090364013 89 41570320085861 13 23598415151364 38 50520983120936 13 38303643935736 38 45846380906655 36 33182590697911 38 42062236565931 36 13035562056104 38 32265957559134 36 54668323938788 36 29698489714462 38 25737408955385 13 25415686995105 38 48448069426961 38 50013741832154 89 41569191792078 38 56886657425821 38 47467633648792 13 10599782694998 89 33785034389007 38 52137146445056 89 41675579335299 89 16605501962108 89 42395228269998 13 43541670472981 36 39220756523333 38 38017947841538 38 27167919806768 27 38166324869313 38 6301851002474 38 33251554800866 13 54417202511841 38 13463837764690 38 3560770036289 13 32174683699878 89 35153985082840 38 22343660888551 38 43606985419569 27 1 27 34231623551420 13 25290307455699 36 36507841898943 38 28789769916619 38 46322313613639 89 68932174910918 89 36419389993246 38 46876537333663 89 15994756911818 13 21293952704645 89 53994628053954 38
3 12
1049143743966028 57 1077068955321623 71 1044489289502387 65
250976639080672 25 336339994371454 41 361914826477240 60 299026126842222 70 211371892857055 77 279754584097734 51 249720106393095 83 280816629763852 7 187875195334882 64 254091745701593 55 249976266422151 44 257004109546386 26
3 17
451584120072043 85 380010747538334 91 515837774913894 85
1 85 180007077780620 85 12472828521285 91 143761059698016 85 159609631536045 91 81543116078479 91 41714674053145 91 153201528103158 85 38044395157513 85 117938233433320 85 132111940022429 91 112661727105831 85 43508810111418 91 23686068274984 91 53468457959771 91 32451021579169 85 104272686864872 85
3 5
452001224853437 19 471936558530271 19 464981804496302 62
248643453778835 19 294923319158593 37 285469477413522 37 321549813132073 31 253972260871122 31
3 90
3263021242149988 97 3384302264233619 57 3115490614476268 1
247488605778918 9 69282563580699 27 29428368286044 64 10046667701109 5 62651557987933 50 292575535673672 18 282196378370593 1 172345593572658 81 75701974050811 82 62486266269452 25 136590961607261 52 1 97 106429484949701 78 138367320165559 45 145373549846632 4 130574317260706 65 23283639614479 35 244797804053629 56 140864943472371 33 116002445739704 38 54692044970139 57 72752920998909 42 1 73 163583903311860 29 218963783582221 13 55984304810383 1 202596019306410 45 125317326836845 56 169218413851438 4 64751954453261 42 50016581228013 35 76130307010944 52 1 29 104599519038458 9 1 13 301166693344512 73 1 18 1 82 5692371094378 81 211373768539790 27 190495831488131 65 83315284348989 57 119305889348794 25 118859698560785 64 110736396220927 38 1 50 120736327441830 97 228422975267099 5 55764018849710 33 43614883279669 78 1 56 1 50 71472266951967 27 95651213825128 64 150400348915758 25 119190664341046 42 134028758263686 97 247667985546136 18 188999363898558 65 20824266704464 52 1 13 1 35 84932748638305 29 35819191193857 78 148044301682913 57 238256759980801 82 1 33 163523382014978 4 1 81 76590965660664 73 63690038216132 1 235457931622184 9 394002681368912 38 257690904619121 45 95280065762966 5 132689259077096 52 157363307963982 56 1 35 220620899911723 64 194525172577237 29 263306245395468 38 198588361982617 82 254053014122886 9 1 45 1 1 132134216607533 4 240046059447550 73 72346399587019 25 80866205435684 57 102426281281634 50
3 29
1339140974469104 21 1386377632929428 82 1448454125845923 21
101797006833487 21 40182992867996 82 89549253514308 82 60848659909364 82 183240779422887 21 62566979697038 21 283504956116427 21 167293040634901 21 191019714481942 21 140756801739488 21 141276684582774 21 110127475208258 21 134004385141198 21 140296787815226 82 161280695638338 21 130714486607961 21 94354854159787 21 166548553726875 82 108867943133870 21 153920155822455 21 60507784119713 21 144974992802810 21 118755990707869 21 174379017287490 21 107553824445041 82 150825004196289 21 81044762973866 21 54591718097382 82 116478743922090 21
3 4
56883408927825 58 63482820872028 30 159995512607870 18
1 18 94027225000040 18 1 18 51696813627687 13
3 19
356057562423212 23 649466861746263 18 544403851355668 72
1 71 47119386507435 85 55460304098044 72 69592722786459 42 120761464041859 64 221433624993739 99 231027808233853 18 128631246759959 43 58806742430903 45 112761194935712 91 58689989060397 15 282364294514589 50 75856262682466 74 123584099477149 40 88640071863223 92 229844816304473 98 98331407028391 81 124403662447226 9 140577428881027 54
3 74
4186022311033654 97 4429675753514659 7 4214398809865488 97
287117861620315 7 124988752747563 97 172949300407134 97 113974735181013 97 245904676789661 7 291256329317262 97 130909290028805 7 95986011523911 7 55911753243146 7 127932874274536 97 221085945827864 7 1 7 42182427799453 7 56898625678326 97 208559840038657 7 128046593866747 97 136395176275631 7 21337633383579 7 190804202983217 97 188566997904218 97 217813904842813 7 231163689180912 97 172737967226774 7 260499487072956 7 228046045445282 97 193337184785803 97 269762912305794 97 117796669188054 7 84424683411319 7 55563291898417 7 147751030049312 97 275213114950954 97 170289640829265 7 193859825578453 7 110299425777678 97 203327437605382 7 9200712555481 7 85371381618821 7 161090767521343 7 142787216501995 7 66426852307140 7 332304998342651 97 259225554616297 7 186058349941017 7 167033133791641 7 1 7 109013837537582 97 111734529861479 7 183357083078090 97 279273836284426 7 188815656223991 97 212555691361352 97 303005644310034 7 194397070317742 7 106795462665734 7 139933428302024 97 268813598420732 7 362111511455889 97 183000513465784 97 125171262306309 97 215307704971424 7 40060297000957 97 338698904332200 7 177030911938129 97 35956598016457 97 286588702814375 97 68051889356303 7 106097631951148 7 262483692795955 97 30865090659721 7 66623060675689 97 128344480381240 7 104024241956640 97 143452942440366 97
3 58
3613898144652284 7 3612246650794448 7 3611529762986023 94
186774890361229 43 183896616509722 43 185671589126037 94 185155020395768 94 186801128893638 7 188058087997914 82 186668884209915 43 188682027335430 7 186943826128038 7 186351068403406 94 187951890799605 43 186069611171683 7 186640329761079 94 185493274339046 82 185598288971097 43 187222208148725 82 188827015184185 43 187448561457218 43 185725538222996 76 187203523720563 94 188614470730736 94 189955867507688 76 187698454113925 43 186196451341078 43 184555986266156 94 187244510632873 43 186772983627068 43 182789013277951 94 189494580773793 76 187867646477642 94 186358861059428 43 184873221002910 43 185072909791731 94 185409637475144 7 184452071094372 82 186151841341946 76 186060443003728 76 185174501479792 43 183533340986693 94 186410439203630 82 186389979564853 94 186855437964324 43 189780396808630 82 187097007157191 76 186476141747805 94 188036007890831 82 185862466103803 43 186999496982030 43 183667881347156 43 187002476814615 7 188047608254485 82 188002657877664 76 186581923200397 94 184446358840271 94 187725427892298 43 185729615937845 94 185986054396670 82 186887337134341 94
3 45
2545408127955075 59 2545867848305290 62 2547271030775003 84
175959419580145 72 167135304356879 86 166388592181755 36 169519986832100 37 168586104622630 5 170601806642284 52 171081516138515 53 167341299419081 11 171428640630464 67 174246052919708 19 167167513923790 40 171721660232140 82 172222415466731 34 170184581579650 39 171189809566652 41 167563273431817 70 168506776534898 23 172534159746222 22 171537828031533 29 172707065740931 75 170050537328256 91 169799063305507 66 170628056949421 79 167303554278618 42 168800187856321 59 168289896076127 10 171034691342813 27 168432899519691 35 166585658310752 57 168874038499662 13 169058760822905 60 170716468136796 43 169673721776356 2 166983158388795 92 171250197615284 17 169502472865359 51 169185218075728 3 170899029971950 77 170010855958881 32 167793751356416 63 167233303004450 20 170619027626925 96 170616442312170 31 167207663946192 71 171295515927531 84
3 91
6888547233028033 82 6881631592646535 76 6880547449802155 82
224829582926585 76 227352216315467 76 229414447515779 76 226182455388410 82 214641902744676 82 225651222797048 82 219310171582806 82 217683930012273 76 227636308832899 82 229835965778476 82 223670545752682 82 227376961747951 82 222573038592451 76 220732692294309 82 232499168842608 82 218966620067547 82 225260561994174 82 230123772091816 82 235740521059730 76 225517370019562 82 222982613323340 76 231915877654990 82 221837915946299 82 222676617488985 82 233725145068021 76 235565123495152 82 217674099480423 82 221293332950687 82 224311447355461 82 222081605297714 82 226795087451763 82 220794814848661 82 222791362648655 76 225167781393890 76 222845393603327 76 227470921067561 82 226163845069655 82 231958782923965 76 230152551635570 82 216186970269963 82 227951364631221 82 218941532870894 82 223714458515848 82 229849183717690 82 217579709059165 76 222737405186213 82 220932773750663 76 227871029110739 82 236296434796293 82 227240445542572 82 229725237718197 82 223513240590800 82 228616832812001 82 233647484411263 82 225035681326134 82 238431906631403 76 226411084056994 82 228453810699603 82 226393875823989 76 221160020314468 76 233870487577301 76 215813361253906 82 218839184235231 82 231281244747264 82 226935305187068 82 227294241326517 82 226236165958604 82 215184220573286 82 228063166786627 82 230552982539194 76 217966315442348 82 225110467495829 82 223867351345482 82 229687854459515 82 234956112155692 82 224508138470525 82 238078209251830 76 229065483558066 82 231954241094745 82 224201320653501 82 224390683264951 76 235264307996872 76 214861974362351 82 226486935430844 82 223402708131532 82 226783370773604 82 229717861169761 76 212503322501786 76 234723565773222 82 222455612754667 82 226611328596325 82
3 13
1016466537950118 12 911913217712697 18 842567011143123 18
326504103305653 51 126421737177177 4 247832652894561 51 31606587805839 51 101669384518163 51 183152270331270 51 14386229885294 27 61924656841083 27 325205310707302 51 178815021808529 4 239788660197206 51 178231016416710 27 154879372592535 51
3 82
6900785239789356 79 6864694615690756 24 6942891685050832 4
306584416186745 60 240172270686806 86 236772389612960 61 207046543476859 42 269966412832420 30 258776537732080 77 286123895393086 19 307294201081686 3 279484994722510 2 242857131439870 70 247631157459872 35 260646954114488 1 289252513437388 92 222910892963996 24 251547856126553 95 246036015832209 44 216894705235981 26 342336848512074 88 228720267378287 73 256478859616203 69 268326523651234 67 152040655963649 50 158133491781714 100 243126382743799 94 321010671267289 36 255294778554198 80 257711599739869 39 208340697455482 28 232478657943891 79 235524643696141 23 206300235707483 75 329050319911486 56 199940668191376 16 371257061644125 51 241803366188529 11 259553380416735 22 297894825321525 74 322911406384194 58 203373153005341 71 214190654660633 54 234611401908953 18 280200064025617 85 192008917490488 98 293170064237192 96 288002753641470 10 204548835058632 66 203556488577779 7 233343443299550 9 207301515980025 37 252894029492427 27 256219739843665 84 217291664402923 6 251064144186120 4 216694323413087 78 236251869931018 8 277648194046179 25 283161138722552 34 227877592821798 59 276837589972934 38 203539602407887 43 179965404978138 46 279821121207892 15 275363423657499 31 274372849616168 5 247698767181367 81 224225829580421 45 272658713864035 49 285187430890269 91 221911018389764 47 301649303210874 68 292557058583583 52 215606213528349 82 262567378883054 57 250289529728172 55 301497907000551 99 297742824060845 29 237160794021702 97 326455798951227 89 246134180533761 17 273801065273032 13 243123400860763 14 273414297474756 7
3 23
961711280218267 31 861076287072195 60 860335021341753 31
168914213615846 60 38473347058464 31 94979421076846 60 8840450462939 60 47718542439869 31 192166158657885 31 151129790638157 31 135576149192015 60 168200478344870 31 1 31 3281802228664 31 112194246174949 60 143706534386172 31 1 31 222207195217739 60 16128161937254 60 115659334229665 60 105329010401216 31 178394171200245 31 1 60 13310309458368 31 93648142812766 31 162787494780096 60
3 78
2713614571513284 26 2709444575129295 72 2710127897851679 70
103234671659297 39 101296557080746 72 90068189184770 39 116124865085293 39 112506875159141 26 97618977967689 72 112572863469491 72 107189134714071 39 104924262216359 26 106144427636217 72 100850136933861 72 101210204457925 19 78702422731477 72 129243633179851 72 101883897489252 72 102098295782699 70 104033479444156 72 112637687927106 70 101396996246326 39 100205375878937 72 106677066408000 70 108846654041234 70 109937726105089 72 89454900990066 39 104084580134457 72 104948955323802 72 104580575206861 39 103020414256774 72 109268770917417 26 100596679475470 26 116282010744194 39 89233718021969 70 97230810016436 72 86923450550720 26 97237163150349 26 110042780596675 72 116751697901543 26 118901596596425 26 83155310664258 39 120540978230778 26 101803764098790 72 109404798267952 70 112202704147160 70 103716361876979 39 113077245331528 19 103131357441972 72 101614296428840 72 95571463795093 72 115475821583633 26 86002410594144 72 109778164300331 39 108394180136944 70 116995822698011 72 97289178526973 70 99045285548475 26 102318147309678 72 116318573724106 72 106993463488134 39 108031794294784 72 111974535209873 26 120378131703807 39 116050568509761 70 108001774554003 19 112980994342171 39 105242285507798 70 98327117205083 72 130890360123914 72 119412377716238 39 91492998179260 39 113507593555900 19 86374673553561 72 126979527812889 26 104289715896870 26 86900003307110 72 121398261960343 19 110893478191100 26 107928844194681 72 113078341608484 72
3 100
6566774736153695 63 6679852588830279 11 6531598069312536 73
121472712064625 73 126522823179952 25 219752304530676 33 182615702842301 63 105565480055707 64 339245909705499 2 225433739254995 71 223773661183490 5 70294636421998 11 302990872557636 22 278767339626605 63 174618450826105 22 253892612900224 5 293428768327262 73 295922488815953 11 197586103660961 71 152005445025444 33 90518602823960 2 161581230095871 25 222248852700042 64 149077594436080 2 134705181106603 5 82076709420109 33 278757460489850 64 149017563941839 71 258817260831591 73 149758956272956 25 82938200037091 11 255956122598536 22 211991690071562 63 168524713397956 63 187447462856120 22 289548163675421 33 333575709080425 64 100324105538386 2 264541274415365 25 278619332807319 5 276770843945309 73 154499325175254 71 99526881003673 11 194967581205663 33 340750050331480 25 176354848073852 5 216783026033462 71 170479061554855 2 181620971146837 11 190001429511339 22 149457419210278 64 131686152237920 73 221530340678080 63 129003598471477 11 208466709415430 22 188599591126201 63 217078730863629 33 218418005548121 2 193273526510499 71 258288501209016 64 291090397705048 73 297051553183216 5 167200017621797 25 290514733212148 73 184942872048493 33 139384011372004 22 147974942825531 71 211599102979960 2 218080224064074 5 267860946520088 64 202696265329293 63 241829844141867 11 355544444880126 25 224056977020958 25 189762326676428 11 112273554108389 5 243271480328524 71 73382863203396 63 221655529206635 73 153145834489010 22 228580723449623 33 213800072485886 2 180310218816191 64 216346831751051 5 134789594129287 11 110836009869231 2 202501512224442 64 140272491066486 71 138995239597748 33 257351831489199 63 82520809353536 22 245233238515980 73 175686939866402 25 89195802082900 22 151614891401296 73 126414792561337 64 217377686285320 71 276392558494991 5 114296277400184 2 117985561083551 25 202021851446133 33 135633973922209 11 214167222177188 63
3 38
2928691193419166 68 2925102593587641 60 2911760250515044 68
224236883067020 60 241233902201519 60 235641440953599 68 222496218450864 60 233580268504824 60 218339676150523 60 237033386926787 68 226802359653217 60 234068198536315 60 224045974298767 68 242550689399494 60 232743668699407 60 235729273231925 68 220356276564494 60 229225894247437 60 251416624719377 68 231885318259496 68 226252736068392 68 231550858613986 68 232489437076710 68 236398310102807 60 232714975003784 60 234093033746406 60 232964884076866 68 230503048588474 68 240845971633487 68 239866954241050 60 234525388317901 68 233861135814408 60 238241048545333 60 221041760680825 68 232471941828434 68 226225681460903 60 227610547035065 68 221458752903963 68 226731200992894 60 232539488590299 68 215123590681755 60
3 52
987665360040963 66 911350871491703 14 948078871924209 2
32607394503487 2 36243451780547 2 1 38 44839161196848 66 35390574553011 2 11881529329185 66 50445146835733 66 1 66 33997626274333 66 80678709904537 38 177315970859764 2 54253963404502 2 23118142735132 2 23535465525152 4 86026149051592 66 128548504667875 38 80351482184277 38 8464357789850 38 77221574174109 66 132109010053929 2 29882280819481 66 9128624427860 2 19997881163540 66 118492232070359 2 26181934518423 2 91990198136143 38 26455741689588 2 21795127604938 4 80102790606907 4 1 2 28738827450378 38 98874760352873 38 134759668372121 38 1 2 36673234008434 2 33553656484999 2 130406475558972 2 1 38 94943496643882 4 8868648644368 66 12601312175180 2 28056105354005 4 38171035489975 66 8920641971896 2 27122267639010 66 83751373440885 2 58084285672565 66 93111130754431 66 13186959302067 66 52239319914300 66 1 2 62734229755511 66
3 99
1806571118111464 64 1785795622454359 79 1811235568136295 42
41577195313773 22 37587094820920 16 89581655986105 57 30624665045413 38 99512729045042 59 2439324250581 36 1 72 52621665795409 10 26292089834935 2 33079548675955 61 35464817230013 9 67404436991161 30 45178463223149 100 42593747413910 7 44950922000789 24 36593527443862 17 38721843828516 63 55742342908844 86 79896848857829 42 37561933983910 18 59316103489604 65 39046494020516 93 36591428369881 53 41618968012380 58 29908163857153 66 69158870370376 50 34838150699167 8 99043433864992 98 17786550782147 33 1 82 16465641035636 83 72946009395349 78 14240281463986 39 70244504964488 5 61003319385848 31 50877521218661 25 78346602847543 60 1 88 156298989474958 45 71983021393779 77 91227048284063 79 47880731647756 47 18461109444372 95 7865640782676 13 6419839394598 49 39081380898322 80 55088865942184 20 67212569226158 89 69315830455099 14 84735333176984 55 12248262798623 52 2481796273303 56 74753179756559 27 47621779183191 48 62511112504378 35 41582897852059 87 78077728687051 51 71240120828181 11 1 3 26619478802979 68 68676498955948 43 53455495913456 74 1 91 18040932299418 28 54702513845827 41 42584582660189 75 51188039675717 64 30275035659839 40 67658001557948 94 77229450051638 92 68232859801333 23 40093367049269 97 107464764514302 71 46780323058078 90 4188127638020 37 17405376361868 73 68008140317980 4 58229569006402 44 21393302991383 96 79749794336539 67 76202495020028 84 62797654504730 21 17623002243014 12 77532613049224 76 56065715105229 69 10442372358980 54 40065850846661 15 47044221210498 1 71214845311988 46 1 30 66229906506100 88 1 71 44642742833001 84 48965428470702 93 69128209170338 20 63368150496193 18 1 42 31971258193449 68 102402935700629 44
3 24
1635525934934264 76 1436449216989598 7 1738292239587367 76
214569655990124 76 231588740885151 76 284902204685234 76 194313100513327 76 225008221900522 76 169073699874709 76 237380030919191 76 321083051025145 76 305983032109861 76 355124314734920 76 298591624773306 76 321510706653551 76 196083305755314 76 290705155839166 76 160358231439625 76 135958790634094 76 506943418193263 76 185663333146854 76 295073158342250 76 157658156982059 76 241599084696782 76 314904110791530 76 153390518477872 76 250130941103392 76
3 37
1553313159498339 9 1518570509158471 59 1583367938796489 9
170192291686600 9 108869225865677 73 140403744603586 9 135074771259068 59 86391042279604 9 148991992933820 9 181737317055908 9 79978853071839 9 147262557987324 59 118831417131845 59 51990950802781 59 94073042859185 59 165392880296415 9 32113186385356 59 162114042334963 59 97258676229746 9 164646876102707 40 111207643918280 83 110819571825539 73 74788262684311 59 168321739470290 59 192620158675302 9 45271169628053 9 157431852078204 9 87859092203122 9 157986379137005 59 161940778979803 9 206897369788387 9 122753024552570 59 130176970923976 9 121280737036748 59 110277585343669 9 120179231842556 9 97235664716717 59 87739581679772 9 148463523594308 9 156210711580975 9
3 4
350532855319254 99 201353781405525 1 292293304872734 78
290784515070031 40 116370098456568 76 132057891675158 30 209401367057245 44
3 3
273359174560969 32 185866182546225 15 212265205943653 32
221311383511176 32 277409099053734 32 216636599671089 15
3 47
1032836928346147 91 1067405829519281 91 1079926669086452 93
57072972382933 91 71871651446612 93 79056263975314 85 84510406583393 37 88711619291350 85 27009174511818 37 86218457900375 37 79118870989685 93 106878218030354 93 41900612831827 91 83805239378289 93 52102444161514 93 57692494195808 85 68922626527750 85 58504140933172 85 75300151972976 37 62834214317595 93 101725782928432 37 73346259150352 91 72414601678803 91 103390477057650 91 83235748459116 91 97685370155451 85 46535009467182 91 79802566202889 91 71613056199487 37 74709346176073 91 96586909596026 37 73647552665591 85 83286066269282 85 77687237944866 93 67171770425037 91 69749286885434 37 39339561542572 93 32669943825307 91 58574902048632 93 73659494091248 91 72076428886851 93 63387987104777 93 37997142690142 58 53443275478139 91 58852183475150 91 68256473397497 37 63175640422495 93 102858184390870 91 96997497652678 37 77274615140648 93
3 14
947011613200750 24 856771571821604 79 1096373092075527 42
66838454650103 18 246016867205749 73 336888104477802 27 195997635994075 42 182697426712267 17 184248885564945 26 500623376808982 25 230633921740734 43 218701098089312 94 29612857021705 87 166243241914555 9 238613311235205 60 376663555219526 100 265674502755860 95
3 25
228829043887869 82 311535001433975 31 395065186964698 82
135027334992740 82 1 31 21568326343587 31 223052720760816 82 20075103751475 82 1 82 1 82 174400822138477 82 1 82 188518714579088 31 1 31 83600077960511 31 1 82 1 82 1 82 7364632237485 31 192766734368850 31 109980492883918 82 1 82 57253758751141 31 122292968535721 82 47418213882206 82 33863876596780 31 36986940956991 31 149360634354193 82
3 24
1766403643450760 32 1825548790057367 32 1753010067083343 32
200064788982560 85 152716351626894 32 141831904056240 85 199396745511450 85 357975698119014 25 170604361949651 25 225273841553435 32 275106461950072 25 178637615086710 10 61019702921408 85 241280550891666 32 136806417301825 85 243327642502265 32 213992178062033 85 131770465590568 32 174827530495243 85 303083065686645 25 207163908325209 25 326038954981484 32 257058606867523 10 156578426728097 25 196964526696008 32 140907848807514 32 177727192938146 85
3 20
404787045450428 94 391645794887126 18 395231401818954 27
126289571110732 79 48928634386992 59 57151456290659 63 42832447580492 71 41926494156094 94 48604910084853 4 4053021618802 83 2075947937269 17 36967999514407 72 65186940637039 36 69820095504738 89 40460486018034 84 72142758328235 19 90582478624604 91 103872952103500 68 4954824998767 16 66495879022589 67 38463356519874 65 80329759455342 44 28061179654374 54
3 16
81188144488358 91 145234592744289 6 166176676547395 91
59917042492669 91 19716118780239 6 1 6 913891286627 91 9641808677574 91 55549179625925 91 31905960312682 91 50490407744546 6 2295248523157 91 1 91 1 91 79555249500492 91 118463449129608 91 1 91 1 91 1 6
3 64
3051536050906032 16 3099109914307864 91 3080661958177846 91
260326966567088 91 157264181513427 50 105757125568270 91 144480945349403 91 176987701454257 84 82241409439525 94 135648174126467 50 200702800968342 94 190974827379677 84 204104843244865 84 203177959858217 94 67819355325571 91 80299577816114 94 176891992724796 84 261993127676203 94 258869130347759 16 105938165439505 84 157109540262681 16 51475965194949 84 136264031903467 84 137954947017764 84 130844782580924 84 41387953056620 94 34698169603123 91 228952235048104 16 244867515667966 84 157200909377290 84 89987765552324 91 153540343896935 91 105218704361412 84 196204552342688 91 183857754671413 84 212817425149301 84 152496582074414 50 241271353347734 94 77538572164703 91 147531005799950 84 1 84 76138726099259 94 124382732895360 94 158268553565484 84 61294862465326 84 296909508419078 84 179896227117500 84 140604371918628 50 121755761102622 91 112315768612111 84 22017583321603 84 113060501763306 84 217256772865950 50 74601000290111 94 40448609655470 84 244151872680620 84 152186574494573 84 184906684821756 94 60121565431527 91 214719215154770 94 88951722878965 16 121099499087392 84 229397454562154 50 141313346137396 84 191933451730887 84 117977930154412 84 182396553891035 50
3 75
7339236464573078 91 7366421065758460 82 7417881854822355 74
267686116528084 35 238884067976377 79 315350060705013 89 328689157168834 25 285100758827114 22 327852143961009 61 381918081260640 93 269117609717247 9 178341588719432 92 183460988952690 56 287364915803500 80 301987793136210 64 287969132320621 52 281567019980542 88 237276028835735 27 189043119411012 65 214571964757846 18 348987181668516 36 237713153363181 48 289999102632380 3 266236801093164 45 372759561198467 50 311677946434210 68 275419767428606 84 363120073862229 100 408969589368167 29 250501436994326 98 339803162312803 78 293769725942430 74 322367330892094 73 320719504213731 91 247058469530104 67 349045817570188 77 326553955262250 34 250086334393331 63 257888224443937 75 277794420178894 55 208447766966291 5 269763325237007 82 322130521323899 51 201584338822226 31 256822435072606 81 238786704475263 33 275610534575054 15 253183377591227 70 279082088578898 23 267512763523181 53 288669145758503 94 346125177323222 97 302919206250562 71 324908668861210 13 317045793461526 40 245256326724657 14 346169165731158 55 368578846977401 97 278247461447770 3 186415512772029 51 283640620396338 34 274895150424644 74 298971193802063 52 250218153581307 67 235268249208152 79 261198038516624 65 314098817909334 45 246783537470574 48 318442696530750 56 157523395663996 35 317737871517614 18 251314369877902 53 241071073361658 40 212858563457276 61 308242995405117 80 179006704696851 71 262351283922283 5 325198381974168 33
3 11
801274274249521 49 816283870200110 99 854521781580307 49
274846282680995 49 198074318670814 49 161451334632222 49 238201479241156 49 198801143767383 49 235947694193913 49 229251503712814 49 181537064995341 49 239110852337800 49 290430028381599 99 284333330512924 49
3 13
960519484338211 95 976466773708743 66 975433937645337 95
230084910946678 77 221763087972089 66 218163297212693 66 215212236469110 66 223756905059916 66 216592434548527 66 226561711573141 66 224782815307514 42 229357601260119 77 223718374316146 66 217593548745568 95 224766420348704 66 210381240336570 66
3 30
2428153874601256 15 2463355666889900 93 2461291011651004 48
271708611904823 1 236126796169865 97 220412382229530 56 266942737979229 76 260188763412821 27 218670645938492 49 230229554881491 17 238296125023614 82 252655382045854 33 246611535408553 98 268089025945600 38 239234897851146 60 258412434403726 3 250040455440367 41 265748485565333 45 241229591809756 9 264103775231524 42 225429874243827 23 245430200241548 94 263515326652481 5 210175674667238 52 251401127368024 10 242512630067639 63 224900983492925 36 239452139768566 93 257311143638575 59 268631834588142 39 225081020748549 4 253821649269413 78 230662908856586 28
3 39
2664741488412137 34 2550921139226790 32 2484864294550921 34
164027840803540 32 320988118118550 32 270704064428656 32 185593482262384 32 162368620200123 32 1 34 178787228206955 32 251066076395055 32 154654317025076 34 303702226284294 32 341723197443961 32 315690542923346 32 105915152206020 34 283858216716767 32 108203484768805 32 183054249607757 34 317872523589472 32 115098480764983 32 211939043765421 34 254526603594452 32 221777437633330 34 130625319206087 32 176727678892624 34 182659798630651 32 264446521491291 32 67675045254598 32 162296141338957 32 138870610994657 32 164018124733589 34 58493261429308 32 103627445787130 32 155872947437845 32 217108286408220 32 178120789653898 34 315712621975103 34 227749941842623 32 86831355762172 32 239796941091000 32 149881917097455 32
3 31
1993806730983764 29 2028400708389532 91 1991185207117803 91
116687313131869 29 183026202679244 29 168741887641772 29 214284494810014 9 229485851362080 9 210238730765466 91 205176616643648 29 204116775502279 29 196330191052296 28 205415948394803 29 218240049134569 29 173012259166447 9 186212938957321 29 220729005992151 91 165328400769136 29 180350542181687 29 197135127079085 29 193887802946447 29 192642208821123 29 180677659729066 9 220632869627591 91 197270861836069 29 214030691629158 91 184353010738730 91 219398982288577 29 207753131463990 9 191207847501408 91 191503693549662 29 214511624267434 28 193126313893049 13 216085059184042 91
3 38
2475951541896359 19 2431891711949566 89 2352746453242624 48
172413534711982 99 183413130292664 63 225897943718332 87 177392661810599 6 173694595630276 90 133479816673188 54 189638925917959 48 249624169004347 24 407936521999554 34 251716302945298 70 214260060771002 94 38087207829435 30 184288240882552 33 232636283405754 1 110958563240668 96 198770611672894 55 219130218653046 75 292581915123182 46 94491110122959 91 192473324586973 65 139347313224807 23 192018951821162 15 157109413548046 88 64124727525524 79 233238226859144 66 158467211073282 69 266363307641048 27 308334003498447 86 269953007633101 25 93222984202365 26 140707355239797 73 77072250534030 4 365844359471081 3 208031665971639 95 275747567161225 62 87890121867566 43 260744090368533 12 142731651572127 40
3 97
995912084915345 55 1009461431094524 83 1007564640412604 55
57136593431323 55 69253869859379 83 29708247027637 83 46651073001727 83 1 55 51675559869229 55 77446931802936 55 1 83 7187324042215 55 32037072895920 83 1 83 1 83 68920570005300 83 40050758856922 83 1 83 69070319740244 83 9316759381806 83 32340309274550 83 15733722127999 55 20423959921411 83 96732901240226 83 5690043100759 55 60248699098963 55 67752964827484 83 85146100369664 55 1 83 1 55 93388220736401 55 1 55 105619028963134 55 1 83 1 83 106590442291952 55 10903980870303 55 25720850471005 55 94925360307287 83 1 55 1 55 1 83 82279960103355 83 40731789309659 83 67342510023970 83 44011393996866 83 2167989607781 83 32019276379215 83 31560670278845 83 112299292821518 83 1 83 92212008183970 83 147470736504347 83 149612963289204 55 10516813877927 55 85583202051968 55 151931667062299 55 57163266972610 83 156391988004486 55 93000174980161 55 1 55 1 55 68821259072395 83 13142159878855 55 132993329201269 83 1 55 1 83 42531461800743 55 77988710645085 55 61387742058196 83 14486151956436 83 1 55 1 83 1 55 101336066352657 83 76342489499271 83 8940696825665 83 46608390279255 55 32960627188056 55 46386086342626 55 82752578785642 83 1 83 1 55 1 55 45993109444943 55 1 55 58166895721739 55 53080867135273 83 39231522954952 83 85124371368792 83 1 55 122623084378955 55 214584564928487 83 34860229240468 83 133692393559079 83 1 55 1 55 41440105932866 55 60250267156652 83 76347056151085 83
3 66
1490708333702397 98 1536316109073649 98 1430677149616204 51
126409646164127 77 164438606038479 96 34844031651039 96 86126352319351 98 64076772072777 98 57625933505145 98 95239304191951 96 39195805560126 51 58057780937293 98 80133551706939 51 67017504390107 77 27968552982107 77 1 77 141256509330406 98 78795889158312 98 72785973550442 98 47776897201027 96 96745119160224 31 87857490277363 77 124244462228767 96 11957172027974 96 114575424229447 96 9527625697881 98 44688649555596 77 94284865400709 98 119208653542202 51 39282279611078 98 10591014385781 77 10736870521374 98 76000519801200 51 85921833118866 31 71401036975877 98 1 98 61044180902608 77 194380050230990 98 11186187213869 96 112802482951988 77 72573861088342 98 57169133016521 77 62410430466505 98 93978335810693 51 192295350716327 98 208531605949314 98 1 98 40622662674631 77 72470222920652 77 96804775406524 51 9420721065223 96 1 96 62356267731502 77 93368057103236 96 23909211255619 51 111856511734966 96 121559182625858 77 157483422543006 96 80613966863976 98 47782312198405 98 1 51 75843127706359 77 90215411621018 98 61965967718880 98 102299286954685 98 1 96 33498934964268 77 46700011862800 31 40748914604626 31
3 64
4336321451826307 29 4428830348247744 72 4397406247903422 10
116505082974793 17 284220850892080 31 276931498545151 61 43496456435396 62 301294569280783 84 283186247411155 53 275970030312849 72 356090980264220 16 407785455749010 90 276044362513641 8 292049704773936 73 156432591321737 10 125263759413876 9 274043852056981 28 205216743296636 66 289425024879818 54 175766810736393 14 175998063333778 44 271657554144610 77 329402896940857 29 83515731257427 69 60414392941711 38 236144832007662 32 289892384669003 76 122570655620191 56 64578353811255 36 216820215644836 3 210097077691577 11 118997973221535 88 159371679702827 21 260880302373057 64 193640499042754 75 216624139921226 13 187198286694972 57 238717834250615 33 189783971159295 93 242570285951400 71 142331237535118 87 133804300628192 20 248857466259414 27 219816929851743 71 265819440463416 54 205518717454119 53 141901088547032 33 295616107680730 16 262458009346625 38 316090615153453 88 285944625039187 29 175860301025218 11 207501093731583 57 162105882136559 21 284839620875835 36 113421775512265 20 131661023279837 87 361658304081246 56 70401078675221 28 285226103274402 31 119507804698471 44 243830704115125 3 264312255918037 77 339322904434000 69 88334162276162 8 196351747712729 93 129738918563125 75
3 80
6551464171369674 86 6611334145156537 29 6573695535546914 86
178685923674578 86 259556082230419 86 262542369803068 86 249206021660713 86 298533965901792 86 288622543357679 86 162192647914804 86 287515947679635 86 252314075239528 29 248605374654299 86 253565716809042 86 313856183965077 86 342458535432958 29 203045743040864 86 226882530081895 86 222792028579826 86 297200293650658 29 230125792830882 86 304595652154482 86 244332999529451 86 223673957922754 29 215047175784907 29 288299116528934 86 219211767996860 29 302408953416277 29 316370483082981 29 231623420738062 86 218746213836774 29 268027191789120 29 295633443457669 29 308530127358240 86 230469433870971 86 190484845472074 29 273242207282469 86 332219058075943 29 169257675489226 86 211707900678097 86 278485585752862 29 244239480464572 29 299968875657304 29 172949399000810 86 183227338936928 86 167472521108801 29 160646188955797 86 229717886807283 86 300656287405539 29 152046533681169 29 311753838978293 86 332763613913608 86 241751283194261 86 246757212340514 29 275660820888115 86 217718844132558 86 152917423820246 86 276422359521983 29 154201916583937 29 228119041796930 86 263275350088576 86 247543496931324 29 274530964710768 29 244512586353454 29 196821269701523 29 200824252897395 86 201047654253508 29 291785873488638 29 294395562161410 86 261853303090608 86 306213494524832 29 286647059886448 29 150279643850812 86 250179927778739 86 213055782572489 86 232565500847662 29 313040698137384 29 274599257666785 86 246508770434073 29 358607282526314 86 277335227876067 86 317682917420081 29 250045619195754 29
3 48
1729350369361501 2 1606896351149327 2 1631622796504258 22
72224718965053 37 146974252398309 37 60348623294599 37 48126516515996 2 25647527074355 22 183567144456451 2 93497852094695 37 152889284247016 37 52377705147105 2 45658121218497 29 120044098755224 22 191557873511447 33 134426348651689 22 135519322047513 37 122940555107835 37 65589113291937 33 117616062160223 2 67165074382873 37 27956188761516 2 79884074768893 2 113551112681419 37 83966148962150 37 94722209796051 37 173818434850419 22 26168538194412 22 144006764011279 37 105396509238113 22 127821047294880 33 142784608656496 22 186446298866665 2 89943382908075 37 68713091043075 22 2009608296299 37 159393726316800 22 83086908175440 22 65568967996933 37 158082393124211 37 120697604625177 2 146757033607615 37 148383588798502 33 113241770704574 37 184444268848834 37 26559380192442 2 89517809644647 37 75881030449260 37 132013711721730 37 116756596983194 2 142387920332239 29
