1001
629173924
97332683
999359184
588118726
680266743
104400854
86711558
852495982
918269594
676577187
1002879066
181374040
75704151
961288358
312973026
932142336
504137960
663766113
71646337
263719207
303965603
718298210
246257417
646158618
294853419
291974853
113527872
367667147
569708268
26646181
899426329
125140367
123978863
825043688
713259092
804245605
929444541
799970650
582999763
773972311
402806012
512137004
955346350
478510162
399683538
194577551
336910673
903821497
858343663
408557009
93798879
88567441
53113394
340056295
734726058
347966812
632031147
848253929
715633959
127997590
874900109
541318463
253137956
998878972
292620327
966397048
729382752
148323043
692625873
238640690
922295353
21690060
750777694
803899878
500200221
76719407
998477428
837110893
980540903
783079266
171926077
597957
871646706
225039470
340654251
532630939
573006282
972685397
307143044
214898416
26941162
108301328
756216878
280079117
33438475
1048837204
172734340
762821227
123418423
865360212
1001461916
1045713775
887050271
678497785
775871829
313508667
755217191
700607432
76877735
662016269
409944874
248803811
662614225
207849755
473843281
1003268475
740480694
1046849562
902212047
1047623737
188006153
929153208
82183240
944223030
135490501
115621715
919318410
308224840
878442941
1042736832
99843228
806163032
1014708782
986893498
410918993
716838786
226660341
92394359
343704394
303538075
754410628
753649267
552341886
343283028
961499021
1026185166
272809679
628237890
999292903
101279901
602119802
113557231
1030433109
684303042
1057780260
92181785
799924756
903356845
400406624
604625872
872351852
500249851
337047079
813318810
413401525
747966071
456415771
640061865
840360430
800120164
943599939
521029233
480027606
422200000
864312260
367784803
374643341
63380114
996022692
300194419
164660015
524400670
413751649
121351299
134961887
397790085
213533083
934886642
227405105
613939706
465770689
26015133
40447733
802817767
839333942
453849257
477042014
222007888
20169297
243660619
1022128052
963769235
764689851
428413833
312227411
555260286
796198635
686870751
618640400
718479503
987065170
783300414
169138348
327074994
904651712
304100234
724865078
44442970
165245051
952270183
658382675
631015739
978285315
698830407
360091681
743877432
78937839
837133694
965885319
99107135
7052488
914271546
1062876370
771742338
268943555
301361956
253260800
1065142189
988232706
871901199
709879867
901556051
581459788
879018214
154889221
412369675
109376623
879754298
456812644
274621673
758282656
41453494
905637411
662826146
740283901
191987268
332961753
819221739
1029120961
225105248
918328874
1036173449
65634969
907463419
734173962
334578523
135083550
987434761
325978888
49574431
785594135
1035858754
951130482
293312098
841135144
32277878
705681772
950511766
912032175
88752591
151391615
596573007
130206085
1057029025
185657328
870489985
175274468
518619081
615969899
130653605
743724328
460556948
93085229
809359296
294278542
827259190
70195995
429362091
740952127
396174882
478936522
452804437
358291811
356325179
746116535
125685130
388603056
378056482
2455072
226893406
466809073
153846686
823466412
597015157
137133886
1009123740
393763317
312408354
454000996
1009733215
443061958
123983499
396548339
536147186
933342794
690826880
289664551
1003538788
46447147
1030616677
325971845
525383668
409679290
684263656
881708846
82054000
809948785
196570077
460110481
812403856
423463482
926919553
966250541
173188070
450192885
29642603
108569985
843956201
342050956
562570980
779947592
785112913
686554478
102754106
247518274
546155447
793580985
537182824
475952411
840028131
494057677
801924255
291669974
903736966
412446086
99636995
985790965
148653047
296207071
372159621
961056902
719670553
225337350
853565619
892858622
675530234
883208221
1001428606
445744611
151517352
490257761
151950378
936630264
103070414
254704483
110406713
649225860
1048285467
647589536
51436446
814571774
67905388
853360701
32499923
971642353
192064962
132136918
883691493
340718008
428343988
182109290
228033086
74272716
407446639
7856880
967131337
9235048
891065100
894818118
454979658
1042582451
311334054
606930035
905470890
414404467
861634517
1015877602
1063630327
836178160
589725313
41324948
577008109
657630701
894685648
609508031
555531229
13008786
741644948
365480898
353726793
96247112
547590187
581759878
170519827
955036825
589616757
63909340
964271872
406940032
958727457
345509706
375780658
196319687
952439740
207509723
610724153
740332433
149645500
600612655
502768768
739370813
641937603
6035052
323259689
462881426
615543082
878790917
475890211
283446206
170529990
829617004
379693317
718120176
337635057
550213143
599415176
927251814
614122482
489945224
260450021
499108115
835454929
636230679
695427801
714152844
843740401
232410129
380743452
993385901
833022784
883512219
659014889
401218562
889547270
982274577
864099987
431348528
787323669
266248374
714794733
957853659
22123553
20746225
602232010
359758609
570959367
127905362
213268598
111340025
617850585
473718619
610448139
379563689
36207473
232134115
19974708
879947873
464544243
400718160
799591949
223825202
210488554
384865013
625043763
26294000
293397765
415401926
457642527
6979610
681650299
98695435
964833268
703773851
119441659
493323453
1063532459
690401025
621228814
203059233
801741049
165337574
676777851
338447363
544901262
712985323
570581477
564875970
519191371
1035125720
965594129
245041496
185209097
102340858
629906508
810252860
128634857
923304273
151912961
586277383
930283882
833563259
684972817
821375325
463595285
804414475
240956953
453385919
421073676
862185767
656445151
149072900
1027523340
259481177
487520263
498682778
972466499
1058101739
1063558747
417916046
1019485634
955411051
662957541
130952907
1057751908
219122224
941205766
112644941
68684672
19376902
698922323
998968553
852940160
310153316
746602053
242793620
40825966
987559006
696179538
461899641
776002948
278882865
610972541
729784463
538364041
24750979
154725416
437088716
9110893
144542338
855004761
1028596527
26211564
444220477
85807609
10221648
663342700
1027013374
122866588
732027372
1046390275
821788910
657254100
825588610
58200401
330114329
1068382229
99026367
243931510
690819942
560926007
1019934457
969702806
98156723
675977095
434325023
122907701
830702511
871413738
132018594
975244848
652676674
86873296
1001456412
23155326
172680904
1011678059
686498025
125952453
60802822
344783572
98600903
882591731
1002037672
924189512
940792132
258410176
918829916
1039818498
502341685
535908033
527002680
448534317
431869015
625159403
50769587
866194037
748067103
881472097
663865950
880085696
782975121
242800799
966958991
710689708
265956124
65898070
648625942
952454148
191850522
709428763
223495896
290451424
518278669
151791743
140899111
385328976
410201918
1059729026
351405649
912543602
521895235
878408329
287336094
953764249
429825907
338105680
746216461
104151185
145835953
336340586
984236881
928811073
579141384
877454047
565758956
845097507
943352117
140643073
723809830
61460814
850071835
947305725
351912238
294608679
25355643
492811348
679937655
435557560
478798550
1031343303
274359337
1000693784
836009807
561695430
880716208
192093889
899801110
553190844
296245074
1045637062
889531429
206740130
900706310
394930988
10452352
392723441
166286670
953804468
533366513
890096499
1015265282
309696523
763660400
293435695
604305201
789016042
786247042
210501031
150831778
191303767
168102510
425191114
118255726
1004112316
986886544
998971933
122464381
812945829
478420952
418709454
784841066
294210556
625449583
611805551
689141543
635901934
1004528991
855428212
515964578
464153679
671782887
457488035
773850201
361701462
750923729
304413577
76975679
463428946
514914608
227807456
654732713
683017117
652998570
772988438
613387608
566143289
698218547
735851988
305347293
102897674
80819617
16446534
397108230
706269199
628252084
12507948
268429309
559039250
867936160
784393886
1023192928
465977222
168140096
723301304
827678683
919063824
1027714880
904654361
308750945
468887663
58719993
963483657
78162955
711718562
662730271
691550563
204120026
287206993
353660726
509467318
390104666
434480343
525913851
787212895
67007717
80424110
799720843
335437025
639463359
593915178
46089086
588914462
1059892399
214229181
238473941
813829257
59551180
192446996
644741793
368302125
661334659
703461785
258043957
739497613
341438522
920774227
357306351
545558547
134239395
710967077
1055025864
524344061
71705595
507197890
237815131
138713311
587621999
1037535973
474150336
153343533
557709326
520239421
742257994
543859900
734468602
980731934
283947332
794019781
99437106
928689125
88580081
760771764
558409085
346624038
426527552
899847607
193656440
783833903
371664329
327895835
421059155
352948369
852239895
492764749
860146258
16313201
631478059
374026433
1053849174
31886570
527369965
537816675
552125991
195886135
7934751
212852768
102876244
291882082
1006872548
202313349
146829382
21710805
963085112
705238467
368334842
315870840
531344249
561991281
25962918
903008577
889887115
447022072
182215121
668385185
939786820
1042361379
684698386
497523054
342645987
664805735
529409624
870015951
128880585
7793790
1065902085
136815335
220646557
95036505
428697417
153777280
297349853
575526798
175488084
186693141
207023440
543822925
502563980
738367688
32072382
528526897
567634441
921959496
975548968
749849561
516602857
841593963
718469115
127559418
265375192
1061115101
792365152
794784815
857389228
921245736
802578604
849549488
1058061071
1023225160
944585992
413016663
103260616
168194021
988543460
278748699
354887161
121825076
822571624
857451140
860192763
854644005
312236212
354085379
702861676
214043355
30193116
145722708
1055637317
748662230
273282125
247270684
736035507
1065647276
1042055499
519682910
913151188
770892278
295490573
897470434
720375614
166334741
236745272
823636229
334528761
151546907
28643103
689415921
273371982
851214726
473125236
59822921
632116906
785361447
413908299
261236758
999404801
444101414
406959465
981300293
119021820
680241590
154829152
