50
196 45 58 49 37 44 46 44 66 61 54 59 44 45 38 42 52 45 63 33 34 33 37 56 63 56 39 51 58 65 54 53 62 65 57 34 65 65 35 52 43 39 40 64 39 50 65 45 43 48 63 39 40 57 64 55 53 51 42 66 59 48 38 61 36 63 37 63 66 34 34 42 51 65 49 55 43 60 40 43 34 41 57 57 52 44 53 50 36 64 44 58 62 36 59 45 51 60 45 48 42 50 52 65 60 33 46 49 38 44 41 59 45 62 61 47 45 57 33 66 43 35 38 57 44 57 52 43 63 57 40 33 36 35 46 65 38 63 33 53 61 54 63 35 39 40 44 65 54 66 54 41 55 38 40 46 59 41 47 51 47 33 66 55 36 46 50 62 37 56 46 35 53 39 47 42 57 53 57 40 59 33 47 53 45 61 47 34 37 39 35 65 64 35 49 54 45
179 0 68 0 67 0 68 0 68 68 0 67 67 0 1 68 1 1 1 68 1 67 1 67 1 68 1 0 67 67 68 1 0 1 68 68 0 67 67 67 0 1 1 1 1 1 0 68 68 1 67 0 0 67 67 67 68 1 67 1 68 0 67 68 68 68 67 0 1 0 67 67 68 1 0 68 0 67 0 67 1 1 1 68 68 67 1 68 0 67 67 0 1 68 67 68 68 1 67 0 1 1 0 0 67 1 0 67 67 1 1 1 67 68 67 0 68 67 1 67 68 0 1 1 0 68 68 67 1 1 67 0 0 67 67 1 1 67 67 0 0 68 0 1 68 0 1 1 67 67 1 1 1 0 68 67 67 0 68 68 1 67 0 68 68 0 0 67 0 68 1 68 1 67 0 68 67 1 67 67
176 44 55 56 69 74 69 73 68 73 77 64 77 59 60 43 57 61 54 78 54 69 81 51 64 58 64 69 71 47 57 67 53 45 68 44 62 45 63 78 65 69 62 54 62 43 47 55 55 65 46 55 55 42 55 49 71 44 61 53 44 45 49 60 63 75 50 71 52 62 68 67 42 64 62 53 66 76 62 59 42 71 50 54 56 52 64 63 48 64 77 67 42 43 41 70 64 54 71 44 48 56 64 74 58 76 75 43 52 79 62 79 75 70 69 75 77 66 80 56 74 57 50 59 68 68 77 57 42 78 56 59 62 42 78 77 55 68 60 69 68 49 41 48 67 68 56 51 80 50 64 49 75 45 63 59 64 71 67 60 60 69 47 47 54 59 52 53 42 47 67 70 75 47 60 70 47
2 1 2
163 0 1 1 1 65 65 65 0 0 1 64 65 1 64 64 1 64 64 65 65 65 65 0 1 1 65 65 1 64 1 65 1 65 0 1 64 0 0 65 64 65 1 65 1 1 64 0 0 64 65 65 1 65 0 65 0 65 0 65 1 64 64 0 0 0 65 0 64 65 0 0 64 0 0 0 0 64 65 0 1 1 1 1 1 1 0 0 0 1 0 65 65 64 65 64 0 0 65 0 0 64 65 1 64 0 0 1 1 64 1 64 65 65 0 65 65 65 65 64 64 1 64 65 64 65 64 0 1 1 64 64 64 65 1 0 65 65 0 65 0 65 65 1 65 65 64 0 64 0 0 0 0 1 0 65 64 65 0 0 65 64 1 0
129 51 67 52 83 74 52 60 52 59 76 48 78 57 55 59 80 58 54 79 76 68 60 43 49 64 58 77 55 68 71 50 73 84 52 84 55 70 62 66 71 64 45 74 49 77 67 77 74 81 75 54 64 54 70 45 49 77 44 76 72 62 78 68 80 42 62 81 58 70 42 60 80 54 72 46 58 81 64 62 53 74 52 75 79 71 75 75 77 64 47 78 67 51 45 84 55 72 69 68 75 82 81 47 80 61 45 43 58 51 77 52 55 69 60 48 81 77 64 65 67 61 46 60 66 62 49 49 84 57
2 67 11
125 1 59 0 59 0 59 1 59 1 0 59 0 1 1 59 0 59 1 59 0 59 0 59 1 60 0 60 60 0 1 1 60 59 0 60 60 1 60 59 0 1 1 0 1 60 0 59 60 1 60 1 60 59 59 0 1 1 1 1 0 60 1 1 59 60 59 59 60 1 59 60 0 59 60 60 0 0 1 0 0 59 0 1 60 0 59 0 0 60 59 59 59 1 59 0 1 0 60 1 1 0 1 0 60 60 60 60 0 60 59 60 60 0 59 0 60 59 1 59 60 60 1 59 59 1
197 47 48 49 49 50 50 49 50 49 49 49 47 49 49 48 49 48 47 47 48 48 50 49 49 50 49 48 48 48 49 48 49 48 47 50 48 49 47 48 49 48 47 49 49 50 47 49 50 47 50 47 50 47 50 49 47 47 49 50 48 48 50 48 49 49 50 49 50 47 49 49 47 49 49 50 50 48 47 49 47 47 49 49 48 48 50 49 47 50 47 50 48 49 50 48 49 47 48 47 49 49 48 50 49 47 48 50 49 50 49 50 48 47 49 47 47 47 48 48 48 47 48 50 49 50 49 50 48 48 50 47 47 49 48 49 49 49 50 48 49 49 50 47 48 47 49 47 47 49 49 50 50 47 48 48 49 48 48 47 48 50 49 50 47 48 48 47 50 48 50 49 47 48 49 48 49 49 50 47 47 49 50 49 48 47 50 47 47 49 50 48 47 47 100 49 47 49
160 48 44 45 46 49 49 46 43 45 48 45 45 44 41 47 46 45 49 49 43 46 47 48 41 42 45 41 50 46 47 42 46 49 48 48 48 44 50 47 42 46 44 46 47 45 46 50 42 48 50 48 41 45 49 45 49 46 49 50 43 41 50 42 47 44 44 46 47 46 46 43 48 45 46 45 43 44 42 43 42 46 50 48 44 44 43 47 50 45 45 45 48 44 46 49 42 42 44 49 44 49 41 49 41 47 48 50 46 50 44 46 43 50 41 42 43 41 42 42 50 46 50 50 42 43 42 100 41 44 50 45 46 46 45 46 46 48 44 43 46 45 47 50 41 47 42 42 45 42 45 48 42 42 50 50 46 45 46 47 47
2 51 13
2 87 2
2 95 50
168 47 47 50 50 49 47 48 49 50 47 48 47 48 48 49 47 49 49 50 49 47 50 48 49 50 47 50 50 47 50 100 47 49 47 50 50 48 48 48 49 50 48 50 50 47 48 50 48 50 47 49 50 47 49 48 47 47 48 50 49 48 47 48 49 48 50 48 47 47 50 49 49 50 48 50 47 47 47 48 49 47 49 50 47 49 47 48 47 47 50 47 49 50 50 50 47 49 49 50 49 50 49 49 49 49 47 48 47 48 47 47 50 48 48 48 49 47 47 47 50 48 49 50 50 50 47 49 47 50 48 48 47 48 47 50 49 49 49 49 47 48 50 47 47 49 47 49 48 49 47 50 47 47 49 49 49 50 48 47 47 49 49 47 49 47 47 48 47
169 52 0 0 0 0 0 0 0 0 0 0 0 0 0 0 0 0 0 0 0 0 0 0 0 0 0 0 0 0 0 0 0 0 0 0 0 0 0 0 0 0 0 0 0 0 0 0 0 0 0 0 0 0 0 0 0 0 0 0 0 0 0 0 0 0 0 0 0 0 0 0 0 0 0 0 0 0 0 0 0 0 0 0 0 0 0 0 0 0 0 0 0 0 0 0 0 0 0 0 0 0 0 0 0 0 0 0 0 0 0 0 0 0 0 0 0 0 0 0 0 0 0 0 0 0 0 0 0 0 0 0 0 0 0 0 0 0 0 0 0 0 0 0 0 0 0 0 0 0 0 0 0 0 0 0 0 0 0 0 0 0 0 0 0 0 0 0 0 0
193 0 0 0 0 0 0 0 0 0 0 0 0 0 0 0 0 0 0 0 0 0 0 0 0 0 0 0 50 0 0 0 0 0 0 0 0 0 0 0 0 0 0 0 0 0 0 0 0 0 0 0 0 0 0 0 0 0 0 0 0 0 0 0 0 0 0 0 0 0 0 0 0 0 0 0 0 0 0 0 0 0 0 0 0 0 0 0 0 0 0 0 0 0 0 0 0 0 0 0 0 0 0 0 0 0 0 0 0 0 0 0 0 0 0 0 0 0 0 0 0 0 0 0 0 0 0 0 0 0 0 0 0 0 0 0 0 0 0 0 0 0 0 0 0 0 0 0 0 0 0 0 0 0 0 0 0 0 0 0 0 0 0 0 0 0 0 0 0 0 0 0 0 0 0 0 0 0 0 0 0 0 0 0 0 0 0 0 0 0 0 0 0 0
195 1 0 94 93 93 93 1 94 1 1 1 94 94 94 1 94 0 0 0 93 93 0 1 94 1 0 94 94 0 1 93 0 0 94 94 0 1 94 0 1 93 1 0 94 1 0 0 94 0 93 1 94 0 1 1 1 0 93 1 1 1 94 94 1 94 1 1 94 94 93 93 0 93 93 94 1 93 1 0 0 93 0 1 94 1 94 1 94 93 93 0 94 0 0 93 0 1 0 94 94 93 94 94 93 93 0 94 0 93 0 0 94 93 1 0 93 1 1 93 93 94 1 93 93 94 0 94 93 94 93 1 0 94 1 94 94 94 0 94 94 0 0 0 0 1 93 94 93 1 93 93 94 0 94 0 1 1 94 0 0 94 1 94 1 94 0 1 0 94 94 0 93 93 93 1 93 94 93 0 94 1 93 1 0 0 94 93 93 0 1 0 0 93 94 0
186 41 44 48 41 40 44 41 36 46 43 47 36 34 34 49 35 42 50 47 50 38 46 34 49 49 49 37 44 44 48 46 44 44 42 45 48 45 44 39 40 43 40 35 46 38 38 41 48 50 47 34 43 37 48 39 36 41 34 39 42 36 50 36 34 48 40 44 45 39 47 38 42 41 41 38 44 33 43 36 38 47 49 42 47 40 44 33 48 37 38 40 47 50 38 48 38 33 43 42 40 38 40 35 42 49 38 44 41 40 40 38 42 33 47 35 42 44 49 48 37 48 43 40 47 44 42 36 50 33 48 48 41 37 48 33 41 48 33 37 42 33 43 44 40 37 46 38 41 44 47 43 46 35 47 41 34 40 39 42 41 33 38 49 33 47 35 42 46 47 41 45 44 100 44 43 49 35 41 34 33 33 35 48 45 43 40
137 60 1 60 60 60 1 60 0 60 60 61 1 60 1 1 61 60 1 1 60 0 0 61 61 60 61 61 1 61 60 60 60 60 1 1 60 60 0 1 60 60 1 0 1 0 1 1 60 0 61 60 60 61 1 0 61 61 60 0 61 61 1 61 61 1 0 1 0 1 0 0 60 61 60 0 60 60 1 1 61 0 0 0 1 1 61 61 60 61 1 0 0 60 1 60 0 1 0 0 60 61 0 1 61 0 60 60 1 1 1 60 1 0 60 60 61 61 0 61 0 0 60 0 61 1 61 61 0 1 60 60 0 0 0 60 1 0
181 44 59 37 69 45 52 58 56 63 52 63 59 65 36 57 42 43 63 36 69 35 48 50 70 54 45 39 68 60 41 65 42 48 41 38 60 51 54 56 68 57 70 39 49 64 42 69 67 59 62 61 48 52 58 40 43 63 49 49 48 55 70 38 47 63 55 67 68 66 49 47 65 40 67 40 46 40 66 58 51 47 53 52 69 48 49 45 37 41 40 45 48 38 51 63 47 45 45 64 63 42 60 44 39 66 61 42 53 52 36 57 39 35 69 60 42 69 50 45 53 37 37 63 53 54 37 41 64 46 50 58 37 58 66 64 57 50 54 69 37 35 67 52 68 55 55 44 55 65 43 49 64 59 60 59 45 62 38 38 36 68 68 64 45 37 67 43 44 70 68 56 59 38 45 38 61 67 44 51 61 38
108 8 8 8 8 8 8 8 8 8 8 8 8 8 8 8 8 8 8 8 8 8 8 8 8 8 8 8 8 8 8 8 8 8 8 8 8 8 8 8 8 8 8 8 8 8 8 8 8 8 8 8 8 8 8 8 8 8 8 8 8 8 8 8 8 8 8 8 8 8 8 8 8 8 8 8 8 8 8 8 8 8 8 8 8 8 8 8 8 8 8 8 8 8 8 8 8 8 8 8 8 8 8 8 8 8 8 8 8
111 93 0 94 93 0 1 0 93 1 1 0 0 0 1 1 0 93 93 0 93 1 94 1 93 94 94 0 94 1 93 93 93 0 94 94 93 93 94 0 0 93 0 1 94 1 1 1 94 0 1 93 1 94 93 1 93 94 0 0 94 93 94 1 1 94 0 0 93 94 0 0 94 94 94 94 1 0 94 1 94 94 0 1 0 94 93 1 93 93 94 1 93 0 94 94 1 93 1 1 94 0 1 94 1 1 94 94 1 0 94 0
2 80 68
190 0 0 0 0 0 0 0 0 0 0 0 0 0 0 0 0 0 0 0 0 0 0 0 0 0 0 0 0 0 0 0 0 0 0 0 0 0 0 0 0 0 0 0 0 0 0 0 0 0 0 0 0 0 0 0 0 0 0 0 0 0 0 0 0 0 0 0 0 0 0 0 0 0 0 0 0 0 0 0 82 0 0 0 0 0 0 0 0 0 0 0 0 0 0 0 0 0 0 0 0 0 0 0 0 0 0 0 0 0 0 0 0 0 0 0 0 0 0 0 0 0 0 0 0 0 0 0 0 0 0 0 0 0 0 0 0 0 0 0 0 0 0 0 0 0 0 0 0 0 0 0 0 0 0 0 0 0 0 0 0 0 0 0 0 0 0 0 0 0 0 0 0 0 0 0 0 0 0 0 0 0 0 0 0 0 0 0 0 0 0
66 80 72 81 66 79 89 22 7 28 96 52 3 59 70 26 11 71 11 96 91 1 82 79 44 6 1 54 50 1 57 57 26 87 3 77 10 46 17 14 12 67 91 91 22 77 48 13 84 80 26 10 99 63 34 48 19 22 63 0 20 70 26 82 38 77 8
155 50 0 50 1 0 51 0 51 50 1 0 0 51 50 50 1 51 51 51 51 1 1 1 0 1 51 50 51 50 1 50 51 0 50 50 0 0 51 1 1 1 1 1 1 51 51 1 1 0 0 51 51 1 51 1 1 51 50 0 51 0 0 50 50 0 51 0 50 1 51 50 50 1 50 0 1 50 51 50 51 1 0 50 51 1 1 0 0 50 0 50 51 51 0 50 50 50 51 1 0 51 50 50 51 1 0 0 0 0 51 0 50 51 50 0 0 50 1 0 50 1 0 0 0 0 0 0 1 0 0 0 50 51 50 50 0 51 51 1 50 50 0 51 0 50 1 50 51 0 50 51 51 1 51 1
146 84 30 21 52 58 93 92 35 35 78 46 3 9 67 64 73 61 38 35 21 21 87 92 13 79 74 40 40 87 85 73 31 53 83 83 64 82 24 92 46 35 96 32 58 4 49 12 88 81 13 18 76 85 2 40 91 93 27 64 48 99 23 10 91 19 4 37 46 75 38 75 28 97 42 79 62 86 10 90 24 45 31 5 24 95 67 52 21 40 9 13 62 7 93 90 50 48 59 30 30 74 88 92 90 14 57 52 53 79 59 63 23 1 50 36 22 33 58 57 81 95 42 65 89 21 34 37 81 47 41 69 97 84 80 39 14 54 34 61 73 90 75 48 41 5 78
112 30 97 54 7 18 76 96 66 73 65 17 74 28 18 100 19 66 51 21 71 57 67 12 48 0 16 54 62 83 4 38 11 19 93 42 55 74 81 14 50 38 37 54 29 30 12 3 7 45 94 79 37 60 82 0 31 77 80 42 88 81 73 63 31 15 54 94 62 42 89 63 41 94 28 37 15 78 100 35 17 56 2 76 41 26 93 52 13 35 67 98 85 44 37 35 26 2 62 20 15 12 41 60 35 29 75 25 50 39 39 13 67
171 49 49 49 50 50 50 50 50 49 50 50 50 50 50 49 49 49 100 49 50 50 49 50 49 50 49 49 50 50 50 50 50 49 50 50 50 50 50 49 49 50 50 50 49 49 49 49 50 50 50 50 50 49 50 50 50 50 49 49 50 49 49 50 50 50 49 49 50 50 50 50 50 49 50 49 50 49 50 49 49 50 49 50 49 50 49 50 49 50 50 49 50 49 49 50 50 49 50 49 49 50 50 49 50 50 49 50 49 50 50 49 50 50 49 49 50 49 50 49 50 49 50 49 49 49 50 50 50 50 49 49 49 49 50 49 49 49 49 50 49 49 50 50 50 49 50 50 50 49 50 49 49 50 50 50 49 49 49 50 49 49 49 50 49 50 49 50 50 50 50 50
107 63 0 63 64 64 63 63 0 64 64 63 0 63 64 63 64 0 63 0 63 1 1 0 64 0 1 63 63 0 64 0 0 0 1 0 1 0 63 0 0 63 63 63 63 64 0 1 0 63 1 0 63 1 63 1 63 0 64 64 1 64 0 64 0 63 1 0 1 64 64 1 0 1 64 64 63 1 64 63 1 63 1 1 63 1 1 64 1 64 0 0 64 64 64 1 1 64 64 1 0 0 63 64 64 1 1 1
164 78 61 64 88 77 85 74 54 69 78 67 57 86 82 66 45 53 83 64 46 53 54 73 47 79 65 57 59 57 54 74 57 60 88 46 69 74 77 47 75 47 83 65 63 79 61 49 84 83 73 56 88 88 62 52 47 51 81 66 63 63 86 52 81 71 60 89 73 57 67 77 80 60 80 63 62 55 49 54 76 83 62 83 85 61 64 51 51 70 82 73 78 66 45 71 68 59 72 48 56 59 78 57 55 85 83 76 60 71 58 84 62 74 49 51 73 61 68 90 46 52 64 75 79 69 89 47 86 66 72 70 69 80 73 73 86 79 83 75 58 53 79 68 66 88 72 82 65 79 76 61 69 49 83 45 47 59 65 86 55 68 69 63 47
125 79 79 0 79 1 1 0 1 79 80 1 79 79 79 79 80 0 1 0 1 80 80 1 0 1 1 1 79 79 80 0 0 1 80 1 80 79 80 0 79 79 79 79 1 0 0 0 79 80 80 80 1 79 0 1 1 1 80 1 79 79 0 0 1 79 0 1 80 79 0 80 0 79 0 79 79 80 1 1 79 0 80 80 0 0 1 79 0 80 79 79 1 0 79 0 79 1 79 0 79 79 80 80 0 1 80 1 80 79 80 80 79 0 1 79 1 1 1 0 0 80 0 1 1 79
2 13 27
2 92 9
2 45 0
2 5 39
131 49 49 42 47 37 46 37 46 42 39 40 46 46 45 46 37 37 49 36 46 46 39 39 50 48 50 44 48 50 46 43 39 45 46 37 45 43 44 47 39 45 39 43 43 46 36 49 45 39 39 43 43 45 42 100 43 47 36 48 38 48 40 47 48 37 38 47 44 40 37 46 36 46 48 46 50 39 45 47 43 39 42 48 37 43 50 40 37 46 40 36 41 45 42 50 36 50 42 47 45 37 46 38 45 45 39 49 36 39 49 45 40 48 37 42 47 41 50 40 47 38 39 36 41 38 42 49 41 41 50 46
110 46 49 44 49 47 46 50 49 47 48 47 47 50 48 44 48 47 48 49 44 47 47 50 50 46 48 50 48 48 45 50 50 49 50 50 46 49 45 49 48 50 45 47 47 50 44 47 44 48 49 44 48 47 47 47 47 48 44 49 47 48 47 100 46 47 46 46 46 46 49 48 44 47 45 46 46 49 48 46 50 44 50 47 50 50 48 46 50 46 44 44 49 48 44 44 49 50 48 50 50 47 47 48 49 48 50 45 50 47 49
112 47 50 45 40 36 49 49 47 50 43 48 45 40 39 44 43 47 45 49 41 46 45 50 45 37 37 48 48 47 46 44 41 48 39 50 50 42 45 100 45 50 48 38 39 40 44 46 42 47 45 47 48 40 43 40 43 43 37 39 41 42 47 41 36 37 42 41 36 37 49 36 46 38 42 41 50 36 39 41 41 49 44 38 43 37 50 45 40 45 47 38 43 44 38 39 36 45 38 41 49 50 49 50 41 40 45 39 47 46 39 36 40
200 100 100 100 100 100 100 100 100 100 100 100 100 100 100 100 100 100 100 100 100 100 100 100 100 100 100 100 100 100 100 100 100 100 100 100 100 100 100 100 100 100 100 100 100 100 100 100 100 100 100 100 100 100 100 100 100 100 100 100 100 100 100 100 100 100 100 100 100 100 100 100 100 100 100 100 100 100 100 100 100 100 100 100 100 100 100 100 100 100 100 100 100 100 100 100 100 100 100 100 100 100 100 100 100 100 100 100 100 100 100 100 100 100 100 100 100 100 100 100 100 100 100 100 100 100 100 100 100 100 100 100 100 100 100 100 100 100 100 100 100 100 100 100 100 100 100 100 100 100 100 100 100 100 100 100 100 100 100 100 100 100 100 100 100 100 100 100 100 100 100 100 100 100 100 100 100 100 100 100 100 100 100 100 100 100 100 100 100 100 100 100 100 100 100 100 100 100 100 100 100
153 81 58 89 50 79 50 60 55 66 86 59 87 62 57 62 73 89 81 68 96 60 88 97 66 64 71 67 80 57 77 69 93 50 70 75 74 71 68 92 78 97 83 92 62 72 54 77 57 63 91 91 85 62 56 69 50 97 67 49 86 66 93 52 74 49 83 82 88 70 68 61 95 91 84 58 51 49 94 78 86 66 80 68 58 71 73 62 52 93 92 92 95 87 71 88 49 70 63 59 85 53 92 52 68 50 95 75 75 67 73 50 72 91 58 80 64 76 76 88 57 97 60 66 73 75 58 97 73 86 83 54 89 61 63 78 85 65 66 63 51 66 74 54 67 84 64 92 97 50 49 67 95 53
2 88 45
169 0 0 0 0 0 0 0 0 0 0 0 0 0 0 0 0 0 0 0 0 0 0 0 0 0 0 0 0 0 0 0 0 0 0 0 0 0 0 0 0 0 0 0 0 0 0 0 0 0 0 0 0 0 0 0 0 0 0 0 0 0 0 0 0 0 0 0 0 0 0 0 0 0 0 0 0 0 0 0 0 0 0 0 0 0 0 0 0 0 0 0 0 0 0 0 0 0 0 0 0 0 0 0 0 0 0 0 0 0 0 0 0 0 0 0 0 0 0 0 0 75 0 0 0 0 0 0 0 0 0 0 0 0 0 0 0 0 0 0 0 0 0 0 0 0 0 0 0 0 0 0 0 0 0 0 0 0 0 0 0 0 0 0 0 0 0 0 0 0
27 41 0 5 50 75 3 19 6 24 3 72 70 65 87 97 8 49 90 88 71 95 72 50 71 97 73 59
2 43 43
2 65 39
186 46 47 49 49 48 49 50 50 46 50 49 47 50 49 48 49 48 49 49 49 47 49 50 50 49 49 50 48 100 46 49 50 48 48 46 50 49 48 49 50 49 50 49 48 47 50 50 50 47 49 50 47 48 50 46 46 49 49 50 47 49 50 49 48 47 50 48 49 50 49 48 48 50 48 50 47 50 50 46 46 47 50 49 48 46 48 47 47 49 49 48 46 46 46 49 49 49 46 50 47 49 50 46 46 48 47 48 49 49 46 48 49 49 49 46 47 47 46 48 49 46 50 49 48 46 48 50 50 46 49 46 50 50 47 50 49 49 50 47 49 50 46 47 47 49 50 47 49 50 50 47 48 47 50 48 50 47 47 48 47 46 50 49 48 50 49 47 49 47 47 46 48 49 47 46 46 50 49 49 49 48 46 48 46 49 46
144 47 46 42 43 42 44 44 47 42 50 46 49 48 50 45 41 43 41 47 48 41 44 46 45 45 42 48 47 47 44 50 45 46 41 47 46 50 41 44 45 41 47 45 47 47 47 49 49 48 42 45 44 49 47 43 46 43 46 50 46 46 43 48 46 47 47 47 44 46 50 41 46 42 47 45 49 42 43 42 100 43 46 44 41 43 41 42 50 42 42 41 49 49 43 41 45 50 44 46 45 41 47 46 50 50 42 45 50 48 49 50 47 48 48 44 45 42 41 50 47 50 48 44 48 41 48 50 47 42 45 44 49 47 43 46 50 46 49 47 44 46 41 47 41
110 0 0 0 0 0 0 0 0 0 0 0 0 0 0 0 0 0 0 0 0 0 0 0 0 0 0 0 0 0 0 0 0 0 0 0 0 0 0 0 0 0 0 0 0 0 0 0 0 0 0 0 0 0 0 0 0 0 0 0 0 0 0 0 0 0 0 0 0 0 0 0 0 0 0 0 0 0 0 0 0 0 0 0 0 0 0 0 0 0 0 0 0 0 0 0 0 0 0 0 77 0 0 0 0 0 0 0 0 0 0
125 57 74 55 34 11 78 87 17 56 54 25 26 1 57 90 5 32 5 38 0 81 47 50 9 98 62 6 11 80 98 83 92 52 2 6 82 50 33 14 67 93 65 99 89 45 26 42 13 39 25 72 79 45 50 65 59 90 51 38 94 9 89 13 79 92 96 93 91 81 64 38 15 49 31 86 53 57 83 88 93 11 67 40 93 35 83 41 88 39 22 89 79 100 76 94 87 36 84 84 77 41 82 77 42 31 41 95 33 46 93 47 84 67 35 48 31 27 27 65 56 10 84 54 82 66
